           39.936789             1.34997                   1
           87.796580             0.92070                   1
           93.755642             1.28944                   1
           95.736765             0.71627                   1
          101.711815             0.95703                   1
          115.688722             1.10766                   1
          127.638054             0.67002                   1
          139.618599             1.17703                   1
          159.539377             0.75965                   1
          193.421777             0.86821                   1
          211.361447             0.83995                   1
          219.332828             1.33238                   1
          259.221100             1.05881                   1
          267.208169             1.30348                   1
          275.179597             0.77987                   1
          283.151033             0.97612                   1
          285.132168             0.98693                   1
          299.093860             0.87291                   1
          307.065506             0.81297                   1
          317.049075             0.89310                   1
          321.011410             1.12258                   1
