            8.020020             0.96370                   1
           19.984856             0.71051                   1
           25.959462             0.67173                   1
           27.956274             0.82687                   1
           49.905024             1.23740                   1
           61.869901             1.37613                   1
           71.822445             0.71932                   1
           81.806258             0.98315                   1
          119.666578             0.83369                   1
          147.574404             1.00502                   1
          155.545806             0.80136                   1
          165.514063             0.96076                   1
          183.469162             0.66911                   1
          185.450353             0.97586                   1
          207.399126             1.17040                   1
          209.380240             1.02926                   1
          215.354973             0.89430                   1
          253.262089             0.76202                   1
          273.198463             1.31302                   1
          289.125748             1.16125                   1
          309.062033             0.68041                   1
          319.030216             1.08788                   1
          324.973609             0.80835                   1
