            8.020020             0.51494                   1
           19.984856             0.51477                   1
           25.959462             0.51487                   1
           27.956274             0.51484                   1
           49.905024             0.51474                   1
           61.869901             0.51472                   1
           71.822445             0.51485                   1
           81.806258             0.51479                   1
          119.666578             0.51479                   1
          147.574404             0.51478                   1
          155.545806             0.51483                   1
          165.514063             0.51472                   1
          183.469162             0.51486                   1
          185.450353             0.51523                   1
          207.399126             0.51478                   1
          209.380240             0.51481                   1
          215.354973             0.51477                   1
          253.262089             0.51482                   1
          273.198463             0.51471                   1
          289.125748             0.51472                   1
          309.062033             0.51474                   1
          319.030216             0.51480                   1
          324.973609             0.51495                   1
