           12.013433             0.51476                   1
           15.991312             0.51478                   1
           47.923846             0.51477                   1
           51.886086             0.51476                   1
           63.851018             0.51484                   1
           69.841384             0.51466                   1
           89.777734             0.51473                   1
           91.758813             0.51484                   1
          113.707599             0.51479                   1
          123.660195             0.51473                   1
          143.596553             0.51486                   1
          153.564696             0.51478                   1
          167.510827             0.51476                   1
          191.440663             0.51482                   1
          195.404017             0.52926                   1
          229.316621             0.51483                   1
          235.306824             0.51476                   1
          241.281569             0.51478                   1
          249.268469             0.51493                   1
          257.239966             0.51476                   1
          277.160780             0.51472                   1
          322.992556             0.51477                   1
          328.967197             0.51479                   1
          336.954270             0.51475                   1
