           12.013433             0.56216                   1
           15.991312             0.74420                   1
           47.923846             0.92266                   1
           51.886086             1.13629                   1
           63.851018             1.35499                   1
           69.841384             1.01242                   1
           89.777734             1.12345                   1
           91.758813             1.03033                   1
          113.707599             1.22487                   1
          123.660195             0.75998                   1
          143.596553             0.97495                   1
          153.564696             0.86253                   1
          167.510827             1.49191                   1
          191.440663             0.98534                   1
          195.404017             0.94189                   1
          229.316621             0.79623                   1
          235.306824             1.00583                   1
          241.281569             0.67899                   1
          249.268469             0.80377                   1
          257.239966             0.87999                   1
          277.160780             0.72663                   1
          322.992556             0.83745                   1
          328.967197             1.10256                   1
          336.954270             0.99530                   1
