            8.023097             0.51495                   1
           13.997596             0.51473                   1
           21.984626             0.51477                   1
           37.927513             0.51474                   1
           71.841104             0.51473                   1
           97.798957             0.51479                   1
          107.751540             0.51481                   1
          111.729456             0.51477                   1
          117.704146             0.51478                   1
          131.665827             0.51475                   1
          159.557974             0.51472                   1
          163.535910             0.51467                   1
          167.513858             0.51475                   1
          179.478760             0.51477                   1
          189.431312             0.51478                   1
          205.389762             0.51480                   1
          209.367702             0.51476                   1
          257.211801             0.51523                   1
          265.183260             0.51477                   1
          279.144957             0.51483                   1
          303.059208             0.51518                   1
          313.027372             0.51481                   1
