           27.959310             0.81576                   1
           93.821081             0.72792                   1
          103.789228             0.76748                   1
          137.640421             0.81926                   1
          141.634011             0.69751                   1
          157.576867             0.64219                   1
          165.517018             0.95772                   1
          181.459926             0.67838                   1
          187.450157             0.66395                   1
          191.412462             0.68553                   1
          211.348848             0.70852                   1
          215.342347             0.79488                   1
          229.304037             0.78475                   1
          235.294320             0.72230                   1
          239.272277             0.67227                   1
          247.243640             0.66067                   1
          255.230668             0.78530                   1
          261.205374             0.70649                   1
          277.163782             0.72360                   1
          281.126114             1.09711                   1
          295.103410             0.65543                   1
          311.030639             0.75167                   1
          317.005311             0.72084                   1
