           10.019686             0.65992                   1
           23.965820             0.71335                   1
           45.914605             0.58786                   1
           55.898290             0.73991                   1
           57.879446             0.61468                   1
           65.866405             0.62749                   1
          105.770426             0.73022                   1
          109.732683             0.59183                   1
          121.697614             0.93051                   1
          129.684653             0.68723                   1
          147.609147             1.15422                   1
          153.598935             0.92425                   1
          155.580011             1.14307                   1
          177.497526             0.86486                   1
          201.396285             0.84540                   1
          217.323502             0.81369                   1
          241.268968             0.85148                   1
          273.170322             0.70121                   1
          293.106610             1.06821                   1
          297.084513             0.82625                   1
          307.052775             0.75366                   1
          322.995540             0.85838                   1
          326.973483             0.71236                   1
          334.960501             0.82909                   1
