            8.023097             0.76861                   1
           13.997596             0.72189                   1
           21.984626             0.79863                   1
           37.927513             1.11926                   1
           71.841104             0.70856                   1
           97.798957             0.91795                   1
          107.751540             0.88502                   1
          111.729456             0.65900                   1
          117.704146             1.02016                   1
          131.665827             1.13798                   1
          159.557974             1.10895                   1
          163.535910             0.83493                   1
          167.513858             0.80885                   1
          179.478760             1.12353                   1
          189.431312             0.87472                   1
          205.389762             1.47578                   1
          209.367702             0.92170                   1
          257.211801             0.84413                   1
          265.183260             0.92039                   1
          279.144957             0.73441                   1
          303.059208             0.72339                   1
          313.027372             0.93088                   1
