           27.959310             0.51478                   1
           93.821081             0.51468                   1
          103.789228             0.51472                   1
          137.640421             0.51486                   1
          141.634011             0.51477                   1
          157.576867             0.51479                   1
          165.517018             0.51540                   1
          181.459926             0.51477                   1
          187.450157             0.51485                   1
          191.412462             0.51476                   1
          211.348848             0.51540                   1
          215.342347             0.51482                   1
          229.304037             0.51477                   1
          235.294320             0.51474                   1
          239.272277             0.51536                   1
          247.243640             0.51471                   1
          255.230668             0.51477                   1
          261.205374             0.51476                   1
          277.163782             0.51478                   1
          281.126114             0.51480                   1
          295.103410             0.51475                   1
          311.030639             0.51471                   1
          317.005311             0.51469                   1
