           10.019686             0.51477                   1
           23.965820             0.51476                   1
           45.914605             0.51468                   1
           55.898290             0.51476                   1
           57.879446             0.51480                   1
           65.866405             0.51483                   1
          105.770426             0.51475                   1
          109.732683             0.51476                   1
          121.697614             0.51474                   1
          129.684653             0.51482                   1
          147.609147             0.52991                   1
          153.598935             0.51476                   1
          155.580011             0.51481                   1
          177.497526             0.51483                   1
          201.396285             0.51468                   1
          217.323502             0.51483                   1
          241.268968             0.51479                   1
          273.170322             0.51478                   1
          293.106610             0.51481                   1
          297.084513             0.51486                   1
          307.052775             0.51471                   1
          322.995540             0.51481                   1
          326.973483             0.51476                   1
          334.960501             0.51470                   1
