           10.018873             0.51477                   1
           43.916881             0.51473                   1
           67.846797             0.51482                   1
           85.801980             0.51481                   1
           91.776637             0.51474                   1
          113.725359             0.51479                   1
          117.687684             0.51475                   1
          131.649377             0.51482                   1
          157.575960             0.51501                   1
          165.531874             0.51472                   1
          167.513937             0.52940                   1
          181.459123             0.51471                   1
          189.446096             0.51480                   1
          197.417516             0.51486                   1
          203.376535             0.51476                   1
          231.299938             0.51477                   1
          245.246049             0.51480                   1
          259.192105             0.51479                   1
          261.188928             0.51471                   1
          271.172719             0.51469                   1
          289.112330             0.51483                   1
          324.975860             0.51517                   1
