           18.005863             0.51481                   1
           27.974141             0.51469                   1
           53.885075             0.51475                   1
           55.881832             0.51483                   1
           73.821693             0.51551                   1
           81.808470             0.51477                   1
          103.757231             0.51474                   1
          109.731848             0.51482                   1
          121.681185             0.51478                   1
          143.629905             0.51477                   1
          147.607826             0.51475                   1
          179.477947             0.51475                   1
          229.318810             0.51471                   1
          235.293448             0.51481                   1
          243.264873             0.51484                   1
          247.227239             0.51473                   1
          251.206052             0.52947                   1
          277.147303             0.51483                   1
          287.115468             0.51483                   1
          297.068087             0.51479                   1
          309.064238             0.51476                   1
          322.994754             0.51479                   1
          338.953186             0.51481                   1
          340.934332             0.51480                   1
