           23.980548             0.51476                   1
           33.948711             0.51483                   1
           41.935764             0.51477                   1
           47.910431             0.51470                   1
           93.773396             0.51478                   1
          115.706552             0.51474                   1
          125.659119             0.51475                   1
          149.604567             0.51475                   1
          159.572739             0.51481                   1
          163.550690             0.51474                   1
          173.503235             0.51480                   1
          193.423979             0.51480                   1
          199.398657             0.51480                   1
          213.360289             0.51510                   1
          215.357120             0.51474                   1
          221.331758             0.51482                   1
          241.268064             0.51491                   1
          285.134385             0.51478                   1
          293.090211             0.51472                   1
          313.042145             0.51481                   1
          315.023300             0.51480                   1
          321.013554             0.51486                   1
          326.972630             0.51476                   1
