            8.032030             0.51491                   1
           10.028640             0.51482                   1
           41.929949             0.51474                   1
           47.920144             0.51476                   1
           57.872768             0.51478                   1
           85.780534             0.51475                   1
           93.720741             0.51475                   1
           95.701935             0.51470                   1
          117.635032             0.51475                   1
          139.583722             0.51484                   1
          165.510340             0.51477                   1
          203.401875             0.51477                   1
          217.363615             0.51476                   1
          227.331800             0.51475                   1
          241.262272             0.51519                   1
          267.204494             0.51480                   1
          273.194788             0.51475                   1
          285.144032             0.51487                   1
          295.127866             0.51478                   1
          309.089591             0.51477                   1
          319.057757             0.51477                   1
          330.991485             0.51475                   1
          338.962895             0.51482                   1
