           25.971436             0.51479                   1
           29.964995             0.51474                   1
           31.946190             0.51463                   1
           49.901232             0.51486                   1
           59.853868             0.51486                   1
           81.802582             0.51483                   1
           89.742884             0.51475                   1
          111.660334             0.51472                   1
          125.622042             0.51482                   1
          129.600709             0.52964                   1
          135.590197             0.51481                   1
          151.564246             0.51481                   1
          153.545386             0.51482                   1
          167.507129             0.51475                   1
          187.443524             0.51465                   1
          239.281100             0.51479                   1
          251.231325             0.52953                   1
          275.175914             0.51479                   1
          277.157049             0.51479                   1
          305.096054             0.51472                   1
          313.067495             0.51478                   1
          323.035637             0.51485                   1
          336.981733             0.51477                   1
