           14.006515             0.51476                   1
           15.987612             0.51484                   1
           51.882497             0.51475                   1
           67.840925             0.51485                   1
           75.827937             0.51482                   1
           83.799359             0.51481                   1
           87.761673             0.51479                   1
          105.685691             0.51477                   1
          107.666855             0.51478                   1
          173.481775             0.51482                   1
          199.424024             0.51471                   1
          207.395402             0.51481                   1
          213.370041             0.51519                   1
          225.350613             0.51477                   1
          229.312951             0.51482                   1
          237.299930             0.51479                   1
          245.255791             0.51478                   1
          255.224015             0.51470                   1
          301.118174             0.51475                   1
          325.016817             0.51473                   1
          327.013570             0.51470                   1
          340.944110             0.51471                   1
