            8.026493             1.05332                   1
           10.009665             0.62203                   1
           41.907126             1.21970                   1
           47.889966             1.43675                   1
           57.839180             0.78326                   1
           85.753629             0.59610                   1
           95.669505             0.89592                   1
          117.601092             0.68379                   1
          139.532667             0.87964                   1
          165.480607             1.45099                   1
          177.429653             0.86960                   1
          203.360919             0.82569                   1
          217.309846             1.20437                   1
          241.207900             1.02571                   1
          267.155833             0.62910                   1
          273.138698             0.74209                   1
          285.087737             0.67274                   1
          295.070275             1.36993                   1
          309.019156             0.72472                   1
          318.985031             1.07051                   1
          330.917407             0.82589                   1
          338.900109             0.86699                   1
