           13.992685             0.76691                   1
           15.975862             0.65569                   1
           51.856315             1.27031                   1
           67.805067             0.93708                   1
           75.804425             0.63354                   1
           83.770457             0.85131                   1
           87.736809             0.77282                   1
          105.652046             0.77714                   1
          107.635215             1.28995                   1
          179.412828             1.04640                   1
          199.377905             1.24877                   1
          207.343933             0.95453                   1
          213.326792             0.90757                   1
          225.292507             0.93352                   1
          229.258854             0.67910                   1
          237.241545             0.83214                   1
          245.190918             0.90656                   1
          255.173455             0.65183                   1
          301.053129             1.27493                   1
          324.951212             0.92022                   1
          326.934399             0.85697                   1
          340.883287             0.97172                   1
