            8.026493             0.51662                   1
           10.009665             0.51662                   1
           41.907126             0.51662                   1
           47.889966             0.51663                   1
           57.839180             0.51663                   1
           85.753629             0.51662                   1
           95.669505             0.51663                   1
          117.601092             0.51662                   1
          139.532667             0.51663                   1
          165.480607             0.51662                   1
          177.429653             0.51662                   1
          203.360919             0.51662                   1
          217.309846             0.51659                   1
          241.207900             0.51662                   1
          267.155833             0.51662                   1
          273.138698             0.51662                   1
          285.087737             0.51662                   1
          295.070275             0.51662                   1
          309.019156             0.51662                   1
          318.985031             0.51662                   1
          330.917407             0.51662                   1
          338.900109             0.51662                   1
