           25.958397             0.63286                   1
           29.941438             0.77772                   1
           31.924586             0.73051                   1
           49.873145             0.86953                   1
           59.822351             1.03207                   1
           89.719983             1.04561                   1
          111.618228             0.80279                   1
          125.583793             0.82885                   1
          129.566805             1.15774                   1
          135.549663             0.86271                   1
          157.497910             1.32990                   1
          167.463779             1.03577                   1
          187.395529             1.29552                   1
          239.224728             1.00891                   1
          251.190439             0.85093                   1
          275.121860             0.92686                   1
          277.105036             0.78365                   1
          305.036145             0.93982                   1
          313.002168             0.91755                   1
          322.968050             1.31941                   1
          336.916943             1.16216                   1
