           13.992685             0.51661                   1
           15.975862             0.51662                   1
           51.856315             0.51663                   1
           67.805067             0.51662                   1
           75.804425             0.51662                   1
           83.770457             0.51662                   1
           87.736809             0.51662                   1
          105.652046             0.51662                   1
          107.635215             0.51662                   1
          179.412828             0.51662                   1
          199.377905             0.51662                   1
          207.343933             0.51662                   1
          213.326792             0.51661                   1
          225.292507             0.51662                   1
          229.258854             0.51662                   1
          237.241545             0.51662                   1
          245.190918             0.51662                   1
          255.173455             0.51662                   1
          301.053129             0.51662                   1
          324.951212             0.51663                   1
          326.934399             0.51662                   1
          340.883287             0.51662                   1
