           25.958397             0.51662                   1
           29.941438             0.51659                   1
           31.924586             0.51662                   1
           49.873145             0.51659                   1
           59.822351             0.51663                   1
           89.719983             0.51662                   1
          111.618228             0.51663                   1
          125.583793             0.51662                   1
          129.566805             0.51662                   1
          135.549663             0.51662                   1
          157.497910             0.49995                   1
          167.463779             0.51662                   1
          187.395529             0.51662                   1
          239.224728             0.51662                   1
          251.190439             0.49996                   1
          275.121860             0.51662                   1
          277.105036             0.51662                   1
          305.036145             0.51662                   1
          313.002168             0.51662                   1
          322.968050             0.51661                   1
          336.916943             0.49995                   1
