            8.025771             0.50914                   1
           19.984785             0.51482                   1
           25.959516             0.51478                   1
           27.956351             0.51476                   1
           49.905309             0.51477                   1
           61.870430             0.51473                   1
           71.823084             0.51476                   1
           81.806896             0.51487                   1
          119.668483             0.52971                   1
          131.632838             0.51484                   1
          147.576872             0.52942                   1
          155.547407             0.51478                   1
          165.515832             0.51529                   1
          183.471154             0.51474                   1
          185.467924             0.51478                   1
          207.401315             0.51475                   1
          209.382582             0.51476                   1
          215.357251             0.51477                   1
          253.264865             0.51470                   1
          273.201448             0.51473                   1
          289.128805             0.51486                   1
          309.065483             0.51483                   1
          319.033789             0.51481                   1
          324.992927             0.51480                   1
