           12.013295             0.51474                   1
           15.991244             0.51479                   1
           47.924117             0.51481                   1
           51.886459             0.51484                   1
           63.851644             0.51533                   1
           89.778484             0.51478                   1
           91.759989             0.51527                   1
          113.708658             0.51475                   1
          123.661356             0.51478                   1
          143.597964             0.51481                   1
          153.566240             0.51475                   1
          167.512495             0.51492                   1
          191.442658             0.51475                   1
          195.420651             0.51468                   1
          229.319068             0.51481                   1
          235.309425             0.51476                   1
          241.299754             0.51482                   1
          249.271737             0.51526                   1
          257.242803             0.51479                   1
          277.164774             0.52943                   1
          322.996880             0.52962                   1
          328.970952             0.51465                   1
          336.958014             0.51480                   1
