            8.027138             0.51496                   1
           14.001682             0.51479                   1
           21.988731             0.51484                   1
           35.934860             0.51496                   1
           37.931630             0.51481                   1
           71.845390             0.51479                   1
           97.803330             0.51481                   1
          107.755917             0.51483                   1
          111.718894             0.52970                   1
          117.708525             0.51473                   1
          131.670291             0.51477                   1
          159.562536             0.51478                   1
          163.540453             0.51480                   1
          167.503348             0.51536                   1
          179.483349             0.51478                   1
          189.435941             0.51482                   1
          205.394391             0.51483                   1
          209.372418             0.51474                   1
          265.188113             0.51470                   1
          279.134189             0.51523                   1
          303.064194             0.51477                   1
          313.016793             0.51485                   1
          336.946725             0.51484                   1
