           10.023776             0.51479                   1
           23.969956             0.51478                   1
           45.904080             0.51486                   1
           55.902483             0.51474                   1
           57.883685             0.51476                   1
           65.870746             0.51475                   1
          105.774800             0.51474                   1
          109.737061             0.51477                   1
          121.702069             0.51478                   1
          129.673443             0.51482                   1
          147.613127             0.51478                   1
          153.603462             0.51480                   1
          155.584592             0.51480                   1
          201.400934             0.51480                   1
          217.328225             0.51480                   1
          241.258162             0.51482                   1
          273.175157             0.51477                   1
          297.073905             0.51478                   1
          307.042127             0.51491                   1
          322.985050             0.51477                   1
          326.978550             0.51480                   1
          334.949969             0.51477                   1
