           27.963434             0.51485                   1
           83.841576             0.51483                   1
           93.825357             0.51481                   1
          103.793583             0.51475                   1
          137.644921             0.51480                   1
          141.638457             0.51486                   1
          157.565732             0.51479                   1
          165.521606             0.51476                   1
          181.464517             0.51482                   1
          187.454837             0.51474                   1
          191.417161             0.51476                   1
          211.353522             0.51484                   1
          229.308855             0.51476                   1
          235.299058             0.51481                   1
          239.276991             0.51481                   1
          247.248470             0.51478                   1
          255.235493             0.51483                   1
          261.195531             0.52947                   1
          277.153064             0.51481                   1
          281.131013             0.51481                   1
          295.092794             0.51476                   1
          311.035666             0.51481                   1
          316.995418             0.52967                   1
