            8.023982             0.51491                   1
           17.977257             0.52964                   1
           31.953891             0.51476                   1
           53.902786             0.51479                   1
           63.855459             0.51473                   1
           65.852378             0.51459                   1
           67.833463             0.51474                   1
          127.643053             0.51477                   1
          139.608074             0.51539                   1
          179.512338             0.51479                   1
          185.471461             0.51476                   1
          209.385931             0.51478                   1
          219.354148             0.51484                   1
          223.332166             0.51479                   1
          247.262289             0.51475                   1
          261.192774             0.51521                   1
          267.167604             0.51482                   1
          275.139108             0.51477                   1
          301.081483             0.51483                   1
          305.059505             0.51477                   1
          309.037425             0.51485                   1
          319.021319             0.51476                   1
          322.999276             0.51476                   1
          340.939045             0.51475                   1
