           14.014159             0.51478                   1
           23.966751             0.51486                   1
           41.937820             0.51472                   1
           45.915716             0.51538                   1
           55.884904             0.52942                   1
           57.880774             0.51475                   1
           85.788762             0.51483                   1
          101.731757             0.51478                   1
          105.709706             0.51487                   1
          109.687643             0.51481                   1
          131.636646             0.51478                   1
          147.595155             0.51475                   1
          153.585491             0.51479                   1
          175.518855             0.51471                   1
          181.493562             0.51476                   1
          187.468241             0.51481                   1
          229.306875             0.51481                   1
          231.288117             0.51476                   1
          237.278375             0.51482                   1
          255.233772             0.51477                   1
          271.146423             0.52950                   1
          299.084798             0.51541                   1
          307.040666             0.51482                   1
          332.967551             0.51477                   1
