           15.995291             0.51477                   1
           73.808115             0.51542                   1
           79.798459             0.51482                   1
           91.763461             0.51480                   1
           93.760270             0.51474                   1
          103.728582             0.51475                   1
          121.683903             0.51477                   1
          123.665061             0.51481                   1
          155.566712             0.51472                   1
          163.553732             0.51481                   1
          167.531672             0.51485                   1
          191.446134             0.51476                   1
          193.427366             0.51480                   1
          195.408474             0.51506                   1
          197.405327             0.51481                   1
          215.376298             0.51475                   1
          225.328958             0.51476                   1
          249.243434             0.51481                   1
          257.214894             0.51486                   1
          263.189749             0.51474                   1
          287.119731             0.51478                   1
          330.986344             0.51480                   1
          334.948698             0.51478                   1
