           13.983615             0.93599                   1
           15.983454             0.62415                   1
           51.864148             0.71071                   1
           67.812958             0.95354                   1
           83.761779             1.02842                   1
           87.728142             0.89397                   1
           91.694514             0.92748                   1
          105.660161             1.16156                   1
          107.643342             0.98637                   1
          173.438469             0.96585                   1
          179.404688             1.23950                   1
          199.369880             0.88192                   1
          207.352617             1.23499                   1
          213.335509             1.21202                   1
          225.301288             0.97397                   1
          229.267659             1.22352                   1
          245.199811             0.77907                   1
          255.165736             0.82094                   1
          301.045674             0.93203                   1
