            8.017392             0.51663                   1
           10.000580             0.51663                   1
           47.897780             0.51662                   1
           85.744970             0.51661                   1
           93.677700             0.51663                   1
           95.660889             0.51664                   1
          117.609273             0.51662                   1
          139.540979             0.51663                   1
          177.421503             0.51662                   1
          203.352915             0.51663                   1
          217.318548             0.51662                   1
          227.284469             0.51662                   1
          267.148187             0.51662                   1
          273.131069             0.51662                   1
          285.080190             0.51663                   1
          295.062786             0.51662                   1
          338.892865             0.51662                   1
