           25.966076             0.51662                   1
           29.949140             0.51659                   1
           31.932300             0.51662                   1
           49.880959             0.51663                   1
           81.778599             0.51662                   1
           89.711327             0.51663                   1
          111.626382             0.51663                   1
          129.575053             0.51662                   1
          135.557941             0.51662                   1
          151.523425             0.51662                   1
          153.506609             0.51662                   1
          167.455580             0.51662                   1
          187.387435             0.51662                   1
          251.182701             0.51662                   1
          275.114251             0.51662                   1
          277.097429             0.51663                   1
          305.045372             0.51663                   1
          336.909672             0.51663                   1
