           13.983615             0.51662                   1
           15.983454             0.51664                   1
           51.864148             0.51664                   1
           67.812958             0.51663                   1
           83.761779             0.51663                   1
           87.728142             0.51665                   1
           91.694514             0.51664                   1
          105.660161             0.49996                   1
          107.643342             0.51662                   1
          173.438469             0.51663                   1
          179.404688             0.51663                   1
          199.369880             0.51662                   1
          207.352617             0.49996                   1
          213.335509             0.51662                   1
          225.301288             0.51662                   1
          229.267659             0.51663                   1
          245.199811             0.51662                   1
          255.165736             0.51663                   1
          301.045674             0.51662                   1
