           59.830220             0.51663                   1
          125.592014             0.51662                   1
          157.489648             0.51662                   1
          239.233585             0.51662                   1
          313.011454             0.51662                   1
          322.977380             0.51662                   1
           75.795711             0.51662                   1
          237.250401             0.51662                   1
          324.960556             0.51663                   1
          326.943743             0.51664                   1
          340.876050             0.51663                   1
           41.914889             0.51663                   1
           57.847040             0.51662                   1
          165.472393             0.51662                   1
          241.216770             0.51662                   1
          309.028413             0.51662                   1
          318.994347             0.51662                   1
          330.926790             0.51663                   1
