           25.966076             0.81729                   1
           29.949140             0.72214                   1
           31.932300             0.71495                   1
           49.880959             0.85393                   1
           81.778599             0.86760                   1
           89.711327             0.63875                   1
          111.626382             0.67524                   1
          129.575053             0.65417                   1
          135.557941             0.90314                   1
          151.523425             0.99337                   1
          153.506609             0.78614                   1
          167.455580             0.77290                   1
          187.387435             1.14458                   1
          251.182701             0.79604                   1
          275.114251             0.88797                   1
          277.097429             0.84879                   1
          305.045372             1.26832                   1
          336.909672             0.85131                   1
