            8.017392             0.88635                   1
           10.000580             0.71912                   1
           47.897780             0.73313                   1
           85.744970             0.96520                   1
           93.677700             0.50428                   1
           95.660889             0.58504                   1
          117.609273             0.71618                   1
          139.540979             0.76805                   1
          177.421503             0.81476                   1
          203.352915             0.95478                   1
          217.318548             0.70888                   1
          227.284469             0.71873                   1
          267.148187             0.75027                   1
          273.131069             0.87121                   1
          285.080190             0.92184                   1
          295.062786             0.75503                   1
          338.892865             0.69209                   1
