           20.006317             0.51474                   1
           31.971308             0.51477                   1
           35.949213             0.51474                   1
           47.929930             0.51475                   1
           59.894925             0.51474                   1
           63.857191             0.51489                   1
           69.831998             0.51478                   1
          101.717909             0.51505                   1
          123.635706             0.51471                   1
          167.502247             0.51524                   1
          183.445322             0.51482                   1
          191.416789             0.51475                   1
          197.391406             0.51488                   1
          203.366231             0.51479                   1
          209.340941             0.51481                   1
          215.331280             0.51477                   1
          231.258650             0.51481                   1
          255.188785             0.51471                   1
          263.175882             0.51470                   1
          265.157008             0.51484                   1
          283.096788             0.51478                   1
          301.036571             0.51475                   1
          313.001645             0.51478                   1
