            8.025798             0.51487                   1
           29.990122             0.51477                   1
           45.933122             0.51520                   1
           49.910948             0.51489                   1
           61.876103             0.51477                   1
           73.794437             0.51542                   1
          103.714689             0.51494                   1
          107.692720             0.51471                   1
          115.679794             0.51479                   1
          119.642082             0.51481                   1
          135.616367             0.51478                   1
          155.537273             0.51476                   1
          171.495861             0.51483                   1
          177.455897             0.52950                   1
          189.435625             0.51479                   1
          225.299543             0.51481                   1
          233.240485             0.52974                   1
          251.195209             0.51471                   1
          267.138158             0.51484                   1
          293.065065             0.51477                   1
          307.011285             0.51476                   1
          320.973082             0.51485                   1
          324.951025             0.51478                   1
          336.947306             0.51474                   1
