           16.012700             0.51476                   1
           75.791103             0.51486                   1
           87.771767             0.51477                   1
           97.740047             0.51478                   1
          117.660946             0.51475                   1
          137.597470             0.51484                   1
          145.584588             0.51482                   1
          147.565786             0.51477                   1
          153.556115             0.51475                   1
          163.524396             0.51475                   1
          195.394761             0.51502                   1
          207.359799             0.51479                   1
          217.312407             0.51481                   1
          229.277497             0.51476                   1
          239.230167             0.51477                   1
          249.214040             0.51474                   1
          271.131718             0.51485                   1
          279.103224             0.51476                   1
          287.074671             0.51481                   1
          295.046242             0.51479                   1
          314.982742             0.51484                   1
