           10.024600             0.45502                   1
           37.953948             0.55685                   1
           73.853163             0.48053                   1
           79.837979             0.87950                   1
           83.822934             0.63839                   1
           85.818048             0.46720                   1
           93.762699             0.50628                   1
          115.667183             0.48915                   1
          127.621961             0.54202                   1
          137.601697             0.52008                   1
          167.546041             0.86473                   1
          169.530938             0.39182                   1
          193.465451             0.60045                   1
          233.359545             0.60923                   1
          241.344341             0.76807                   1
          249.324149             0.53209                   1
          261.278885             0.55300                   1
          267.263790             0.64789                   1
          277.258576             0.70881                   1
          289.223309             0.66372                   1
          317.142666             0.47153                   1
          341.112223             0.69317                   1
