           19.979335             0.62001                   1
           23.974262             0.63293                   1
           39.938918             0.53983                   1
           47.908698             1.00173                   1
           71.868199             0.68951                   1
           91.777725             0.53135                   1
           95.747622             0.49733                   1
          101.732511             0.58427                   1
          125.636985             0.55905                   1
          157.566314             0.65274                   1
          177.515781             0.74262                   1
          189.480571             0.76947                   1
          197.450390             0.67141                   1
          199.435318             0.67041                   1
          203.420266             0.59732                   1
          219.384848             0.76027                   1
          243.329297             0.88708                   1
          259.294011             0.64192                   1
          281.243475             0.73179                   1
          297.203125             0.66764                   1
          307.172884             0.53755                   1
          313.157800             0.57646                   1
          329.122365             0.65943                   1
