            8.039643             0.50504                   1
           12.009528             0.52000                   1
           31.959084             0.51996                   1
           45.923800             0.50494                   1
           57.888504             0.51999                   1
           69.883276             0.50489                   1
           87.807823             0.50498                   1
          105.727420             0.50496                   1
          107.712309             0.51009                   1
          113.682213             0.51008                   1
          119.667076             0.50498                   1
          123.651984             0.50500                   1
          139.601650             0.50501                   1
          149.581407             0.51001                   1
          159.551160             0.52011                   1
          205.420230             0.50497                   1
          213.400003             0.51999                   1
          227.379700             0.50494                   1
          255.309033             0.52005                   1
          293.223224             0.50492                   1
          299.193083             0.50493                   1
          303.172938             0.52006                   1
