           19.979335             0.52000                   1
           23.974262             0.50498                   1
           39.938918             0.50498                   1
           47.908698             0.50511                   1
           71.868199             0.51995                   1
           91.777725             0.51999                   1
           95.747622             0.52001                   1
          101.732511             0.52003                   1
          125.636985             0.50492                   1
          157.566314             0.51997                   1
          177.515781             0.52003                   1
          189.480571             0.50495                   1
          197.450390             0.52008                   1
          199.435318             0.52002                   1
          203.420266             0.51999                   1
          219.384848             0.51998                   1
          243.329297             0.51997                   1
          259.294011             0.51997                   1
          281.243475             0.51491                   1
          297.203125             0.51000                   1
          307.172884             0.50494                   1
          313.157800             0.50486                   1
          329.122365             0.51991                   1
