           10.024600             0.51994                   1
           37.953948             0.50497                   1
           73.853163             0.51993                   1
           79.837979             0.52004                   1
           83.822934             0.51996                   1
           85.818048             0.50974                   1
           93.762699             0.51994                   1
          115.667183             0.51999                   1
          127.621961             0.51994                   1
          137.601697             0.51997                   1
          167.546041             0.50500                   1
          169.530938             0.50510                   1
          193.465451             0.51999                   1
          233.359545             0.50996                   1
          241.344341             0.52001                   1
          249.324149             0.50999                   1
          261.278885             0.51997                   1
          267.263790             0.52001                   1
          277.258576             0.50493                   1
          289.223309             0.51994                   1
          317.142666             0.50494                   1
          341.112223             0.50988                   1
