            8.039643             0.45602                   1
           12.009528             0.48605                   1
           31.959084             0.62385                   1
           45.923800             0.61070                   1
           57.888504             0.65363                   1
           69.883276             0.56251                   1
           87.807823             0.44536                   1
          105.727420             0.36520                   1
          107.712309             0.49223                   1
          113.682213             0.51420                   1
          119.667076             0.71315                   1
          123.651984             0.60012                   1
          139.601650             0.70593                   1
          149.581407             0.73389                   1
          159.551160             0.55580                   1
          205.420230             0.46936                   1
          213.400003             0.67331                   1
          227.379700             0.72549                   1
          255.309033             0.74699                   1
          293.223224             0.48768                   1
          299.193083             0.51762                   1
          303.172938             0.61765                   1
