           16.014608             0.50487                   1
           77.638876             0.50511                   1
           87.233851             0.50494                   1
           91.208714             0.50495                   1
          103.188653             0.51989                   1
          113.168515             0.50501                   1
          136.438324             0.51995                   1
          158.088074             0.50992                   1
          166.083034             0.50488                   1
          168.067898             0.51005                   1
          174.287870             0.50503                   1
          184.267780             0.50502                   1
          197.552647             0.50988                   1
          219.487371             0.51004                   1
          234.912247             0.52003                   1
          248.892204             0.50998                   1
          260.871986             0.51002                   1
          274.536782             0.52004                   1
          284.526758             0.50998                   1
          315.336399             0.52009                   1
          323.326310             0.51993                   1
          331.306156             0.50506                   1
          339.271153             0.51996                   1
          359.790963             0.51998                   1
