           16.014608             0.92906                   1
           77.638876             1.10361                   1
           87.233851             0.60453                   1
           91.208714             0.72556                   1
          103.188653             0.80141                   1
          113.168515             0.79736                   1
          136.438324             1.10309                   1
          158.088074             0.60497                   1
          166.083034             0.75386                   1
          168.067898             0.95296                   1
          174.287870             1.27682                   1
          184.267780             1.05676                   1
          197.552647             0.89958                   1
          219.487371             0.78043                   1
          234.912247             0.84334                   1
          248.892204             0.79911                   1
          260.871986             0.97912                   1
          274.536782             0.93006                   1
          284.526758             1.17188                   1
          315.336399             0.95364                   1
          323.326310             0.96366                   1
          331.306156             0.94360                   1
          339.271153             0.85043                   1
          359.790963             0.93825                   1
