           21.164566             0.77904                   1
           33.144358             0.66303                   1
           37.134321             0.61702                   1
           49.099233             1.00378                   1
           66.059076             0.86764                   1
           75.648965             0.63754                   1
           81.628769             0.74565                   1
          105.178589             0.81143                   1
          117.158517             0.69528                   1
          144.123299             0.72198                   1
          188.242721             0.66575                   1
          207.522471             0.63361                   1
          224.947525             0.68827                   1
          230.937283             0.83436                   1
          245.837118             0.67824                   1
          266.572025             0.84696                   1
          293.496714             1.11376                   1
          301.486557             1.19573                   1
          303.476528             1.05373                   1
          327.316287             1.21349                   1
          345.261114             0.86038                   1
          357.241018             0.80026                   1
