            8.024641             0.87115                   1
           31.154384             0.67702                   1
           47.114226             1.00482                   1
           56.079173             1.05575                   1
           68.048949             1.38982                   1
           89.218759             0.69157                   1
          122.478474             0.71122                   1
          126.458405             0.73122                   1
          134.448298             1.18920                   1
          138.423294             0.63011                   1
          156.103000             0.99008                   1
          176.272859             1.11580                   1
          195.567729             0.81259                   1
          201.542617             0.85355                   1
          213.512468             0.69947                   1
          256.887013             1.04414                   1
          286.516679             1.01391                   1
          311.346516             0.99957                   1
          337.281152             0.70455                   1
          351.251020             0.73436                   1
          365.780877             0.70824                   1
          369.770850             0.54224                   1
          381.750646             1.01821                   1
