           21.164566             0.51993                   1
           33.144358             0.50498                   1
           37.134321             0.50496                   1
           49.099233             0.50995                   1
           66.059076             0.51994                   1
           75.648965             0.50993                   1
           81.628769             0.50506                   1
          105.178589             0.52006                   1
          117.158517             0.50494                   1
          144.123299             0.50485                   1
          188.242721             0.52005                   1
          207.522471             0.52011                   1
          224.947525             0.50479                   1
          230.937283             0.50504                   1
          245.837118             0.52007                   1
          266.572025             0.50489                   1
          293.496714             0.51990                   1
          301.486557             0.52001                   1
          303.476528             0.50490                   1
          327.316287             0.50490                   1
          345.261114             0.51993                   1
          357.241018             0.50493                   1
