           24.312242             0.63083                   1
           46.243634             0.89066                   1
           56.226080             0.83591                   1
           58.209233             0.82867                   1
           66.191864             1.00573                   1
          106.088312             0.91588                   1
          110.054625             0.99744                   1
          130.002870             0.74451                   1
          147.934615             0.78012                   1
          153.917416             0.90910                   1
          155.900568             0.82988                   1
          177.798632             0.79505                   1
          201.713173             1.09567                   1
          217.628425             1.27587                   1
          241.559635             1.46380                   1
          273.456801             0.70954                   1
          293.405040             0.68860                   1
          297.371349             0.70616                   1
          307.337133             0.66000                   1
          323.269055             0.79950                   1
          327.252035             0.84840                   1
          335.234661             0.62555                   1
