            8.363653             0.51662                   1
           22.329093             0.49995                   1
           36.277851             0.51661                   1
           38.261004             0.51663                   1
           72.174665             0.51662                   1
           98.122330             0.51663                   1
          108.071467             0.51663                   1
          112.037796             0.51661                   1
          118.037265             0.51661                   1
          131.986025             0.51662                   1
          159.866889             0.51661                   1
          163.849867             0.51662                   1
          167.816178             0.51662                   1
          179.781774             0.51663                   1
          189.730903             0.51661                   1
          205.696154             0.51661                   1
          209.679133             0.51662                   1
          257.508219             0.51662                   1
          265.474188             0.51665                   1
          279.422934             0.51663                   1
          337.217871             0.51655                   1
