           24.312242             0.51662                   1
           46.243634             0.51661                   1
           56.226080             0.51662                   1
           58.209233             0.51662                   1
           66.191864             0.51661                   1
          106.088312             0.51663                   1
          110.054625             0.51663                   1
          130.002870             0.51661                   1
          147.934615             0.51661                   1
          153.917416             0.51661                   1
          155.900568             0.51662                   1
          177.798632             0.51661                   1
          201.713173             0.49995                   1
          217.628425             0.51662                   1
          241.559635             0.51664                   1
          273.456801             0.51662                   1
          293.405040             0.51661                   1
          297.371349             0.51662                   1
          307.337133             0.51662                   1
          323.269055             0.51662                   1
          327.252035             0.51661                   1
          335.234661             0.51662                   1
