           28.295247             0.51660                   1
           84.156936             0.51662                   1
           94.139377             0.51662                   1
          104.105154             0.51662                   1
          137.968829             0.51662                   1
          141.951806             0.51662                   1
          157.883726             0.51662                   1
          165.833021             0.51662                   1
          181.764930             0.51663                   1
          187.747738             0.51662                   1
          191.714048             0.51662                   1
          211.662287             0.51662                   1
          215.645270             0.51662                   1
          229.610699             0.51661                   1
          235.593501             0.51662                   1
          239.576481             0.51661                   1
          247.542440             0.51662                   1
          255.525066             0.51662                   1
          261.491202             0.51662                   1
          277.439778             0.51663                   1
          281.406091             0.51663                   1
          295.388190             0.51662                   1
          317.286252             0.51662                   1
