            8.363653             0.85999                   1
           22.329093             0.75008                   1
           36.277851             0.96881                   1
           38.261004             0.92960                   1
           72.174665             0.87874                   1
           98.122330             0.81816                   1
          108.071467             0.81268                   1
          112.037796             0.84619                   1
          118.037265             1.09450                   1
          131.986025             0.87325                   1
          159.866889             0.62341                   1
          163.849867             0.67232                   1
          167.816178             0.78588                   1
          179.781774             0.85983                   1
          189.730903             0.68638                   1
          205.696154             0.74455                   1
          209.679133             0.73743                   1
          257.508219             0.76269                   1
          265.474188             0.83641                   1
          279.422934             0.70318                   1
          337.217871             0.80224                   1
