            8.025188             0.51492                   1
           29.989321             0.51480                   1
           45.933087             0.52944                   1
           74.354820             0.51468                   1
          104.274933             0.51474                   1
          108.252767             0.51472                   1
          116.239832             0.51479                   1
          120.202089             0.51480                   1
          136.176178             0.51473                   1
          156.096918             0.51478                   1
          172.055385             0.51477                   1
          178.030039             0.51479                   1
          189.994989             0.51478                   1
          225.858528             0.51483                   1
          233.814426             0.51480                   1
          251.769702             0.51475                   1
          267.696828             0.51476                   1
          293.623449             0.51478                   1
          307.585208             0.51474                   1
          321.531280             0.51474                   1
          325.524807             0.51475                   1
          337.505287             0.51478                   1
