           16.011999             0.51476                   1
           76.351551             0.51475                   1
           88.332053             0.51474                   1
           98.300222             0.51477                   1
          118.220965             0.51481                   1
          138.157294             0.51482                   1
          146.144366             0.51471                   1
          148.125518             0.51475                   1
          154.115771             0.51473                   1
          174.036566             0.51476                   1
          195.969621             0.51484                   1
          207.918972             0.51479                   1
          217.871562             0.51479                   1
          229.836424             0.51482                   1
          239.789078             0.51473                   1
          249.772871             0.51483                   1
          271.690353             0.51478                   1
          279.677356             0.51481                   1
          287.648806             0.51475                   1
          315.556609             0.51473                   1
