           20.005540             0.54578                   1
           31.970467             0.71651                   1
           35.948384             0.59441                   1
           47.928979             0.78151                   1
           59.893864             0.97622                   1
           63.856612             0.82934                   1
           69.830827             0.62294                   1
           90.313196             0.66796                   1
          102.278113             0.51868                   1
          124.195633             0.80849                   1
          168.062828             0.89190                   1
          184.004676             0.80559                   1
          191.976110             0.92990                   1
          197.950800             0.72303                   1
          203.925401             0.77224                   1
          209.900123             1.43734                   1
          215.890398             0.93486                   1
          231.818024             0.91878                   1
          255.747501             0.82851                   1
          263.734551             1.26527                   1
          265.715639             0.94009                   1
          283.655303             0.91987                   1
          313.559827             1.23041                   1
