           20.005540             0.51478                   1
           31.970467             0.51489                   1
           35.948384             0.51545                   1
           47.928979             0.51474                   1
           59.893864             0.51478                   1
           63.856612             0.51541                   1
           69.830827             0.51478                   1
           90.313196             0.51477                   1
          102.278113             0.51476                   1
          124.195633             0.51479                   1
          168.062828             0.52945                   1
          184.004676             0.51482                   1
          191.976110             0.51482                   1
          197.950800             0.51479                   1
          203.925401             0.51517                   1
          209.900123             0.51480                   1
          215.890398             0.51474                   1
          231.818024             0.51548                   1
          255.747501             0.51478                   1
          263.734551             0.51477                   1
          265.715639             0.51484                   1
          283.655303             0.51474                   1
          313.559827             0.51479                   1
