           16.011999             0.65944                   1
           76.351551             0.87007                   1
           88.332053             0.70515                   1
           98.300222             0.84069                   1
          118.220965             0.67934                   1
          138.157294             1.01439                   1
          146.144366             0.97906                   1
          148.125518             1.14185                   1
          154.115771             0.75143                   1
          174.036566             0.95802                   1
          195.969621             0.56827                   1
          207.918972             0.86658                   1
          217.871562             1.04961                   1
          229.836424             1.13242                   1
          239.789078             1.37146                   1
          249.772871             0.96336                   1
          271.690353             1.02921                   1
          279.677356             0.91397                   1
          287.648806             0.99021                   1
          315.556609             1.20162                   1
