           45.888263             0.51484                   1
           57.868039             0.51475                   1
           67.836349             0.51481                   1
           81.767040             0.51476                   1
           83.749099             0.52950                   1
           99.706878             0.51479                   1
          125.586919             0.51482                   1
          129.564932             0.51487                   1
          137.552065             0.51480                   1
          149.532769             0.51473                   1
          165.491443             0.51472                   1
          207.392571             0.51478                   1
          235.331965             0.51471                   1
          267.233577             0.51479                   1
          281.164218             0.51551                   1
          285.157843             0.51480                   1
          291.132578             0.51474                   1
          293.113729             0.51470                   1
          299.072836             0.51478                   1
          309.041163             0.51535                   1
          315.015914             0.51476                   1
          322.987433             0.51479                   1
          338.961692             0.51475                   1
          340.942887             0.51476                   1
