            8.026761             0.51494                   1
           15.998088             0.51474                   1
           17.980022             0.52968                   1
           31.941169             0.51473                   1
           39.928343             0.51476                   1
           43.906210             0.51483                   1
           47.884221             0.51468                   1
           69.817548             0.51472                   1
           77.804734             0.51476                   1
           85.744995             0.51483                   1
          103.700449             0.51477                   1
          107.678390             0.51481                   1
          115.634261             0.51480                   1
          121.624673             0.51478                   1
          157.504255             0.51471                   1
          167.472575             0.51491                   1
          233.335093             0.51481                   1
          255.284138             0.51472                   1
          257.265276             0.51471                   1
          275.205111             0.51482                   1
          289.135798             0.51473                   1
          305.063184             0.51485                   1
          321.006230             0.51484                   1
          332.971229             0.51482                   1
