           14.016940             0.51475                   1
           23.969681             0.51468                   1
           29.959996             0.51473                   1
           61.846048             0.51479                   1
           79.785893             0.51476                   1
           89.722956             0.51471                   1
          111.656820             0.51534                   1
          113.653112             0.51481                   1
          123.605779             0.51475                   1
          145.539199             0.51477                   1
          179.468886             0.51479                   1
          185.443592             0.51481                   1
          189.437193             0.51479                   1
          191.418377             0.51479                   1
          195.396256             0.51484                   1
          219.373303             0.51476                   1
          225.348896             0.52952                   1
          241.306673             0.51473                   1
          251.290543             0.51477                   1
          259.246462             0.51476                   1
          273.223891             0.51481                   1
          279.183120             0.51473                   1
          295.094898             0.51482                   1
