            8.032747             0.51504                   1
           17.986139             0.52952                   1
           31.962838             0.51472                   1
           53.911706             0.51480                   1
           63.864385             0.51477                   1
           65.861157             0.51490                   1
           67.842391             0.51480                   1
          127.652219             0.51481                   1
          139.617279             0.51492                   1
          179.521779             0.51470                   1
          209.395401             0.51475                   1
          219.363712             0.51475                   1
          223.341616             0.51479                   1
          247.271843             0.51466                   1
          261.202453             0.51472                   1
          267.177250             0.51477                   1
          275.148720             0.51483                   1
          301.091268             0.51478                   1
          305.069247             0.51479                   1
          309.032003             0.51542                   1
          319.031094             0.51474                   1
          323.009042             0.51477                   1
          340.948853             0.51481                   1
