           14.022985             0.51476                   1
           23.975653             0.51476                   1
           41.946642             0.51476                   1
           45.924626             0.51542                   1
           55.893784             0.52952                   1
           57.889690             0.51477                   1
           85.797808             0.51487                   1
          101.740851             0.51480                   1
          105.718784             0.51483                   1
          109.696776             0.51481                   1
          131.645817             0.51470                   1
          147.604484             0.51470                   1
          153.594724             0.51483                   1
          175.528130             0.51475                   1
          181.502871             0.51470                   1
          187.462849             0.52950                   1
          229.316308             0.51482                   1
          231.297564             0.51485                   1
          237.287873             0.51482                   1
          255.243370             0.51470                   1
          271.155185             0.51535                   1
          299.094451             0.51475                   1
          307.050416             0.51477                   1
          332.977378             0.51474                   1
