           16.004134             0.51480                   1
           73.817057             0.51516                   1
           79.807515             0.51465                   1
           91.772578             0.51476                   1
           93.769350             0.51483                   1
          103.737576             0.51480                   1
          121.678373             0.52949                   1
          123.674268             0.51478                   1
          155.575904             0.51487                   1
          163.563007             0.51482                   1
          167.540978             0.51485                   1
          197.414740             0.51472                   1
          225.338404             0.51479                   1
          249.252976             0.51479                   1
          257.224525             0.51477                   1
          263.199273             0.51478                   1
          287.129349             0.51487                   1
          289.110560             0.51480                   1
          330.996170             0.51480                   1
          334.958552             0.51473                   1
