           15.994768             0.50491                   1
           51.903939             0.50495                   1
           75.848418             0.50490                   1
           83.813231             0.51997                   1
           87.798073             0.50504                   1
           91.768045             0.52009                   1
          105.732719             0.50491                   1
          107.717709             0.50493                   1
          173.566158             0.50502                   1
          199.505612             0.50994                   1
          207.475411             0.51996                   1
          213.470276             0.50494                   1
          225.435070             0.51986                   1
          229.419860             0.50494                   1
          237.399784             0.50992                   1
          245.369617             0.50494                   1
          255.334337             0.50999                   1
          301.248302             0.51000                   1
          325.167792             0.51988                   1
          327.152743             0.52001                   1
          341.102323             0.52010                   1
