           25.974508             0.72061                   1
           29.959399             0.72758                   1
           31.944359             0.91057                   1
           49.903940             0.83844                   1
           59.873801             0.58022                   1
           81.828219             0.64118                   1
           89.783081             0.58203                   1
          111.702582             0.94192                   1
          125.677243             0.56676                   1
          129.662170             0.64572                   1
          135.647015             0.66067                   1
          151.621617             1.10158                   1
          153.606657             0.62050                   1
          157.591535             0.62750                   1
          167.571327             0.56739                   1
          187.515891             0.83819                   1
          239.384670             0.80782                   1
          251.349433             0.73868                   1
          275.293866             0.56158                   1
          277.278874             0.40854                   1
          305.233245             0.57322                   1
          313.203001             0.59528                   1
          323.182863             0.71909                   1
          337.132446             0.62509                   1
