           25.974508             0.52000                   1
           29.959399             0.52003                   1
           31.944359             0.52003                   1
           49.903940             0.52004                   1
           59.873801             0.50497                   1
           81.828219             0.52013                   1
           89.783081             0.50491                   1
          111.702582             0.51988                   1
          125.677243             0.51001                   1
          129.662170             0.51993                   1
          135.647015             0.52005                   1
          151.621617             0.52005                   1
          153.606657             0.52007                   1
          157.591535             0.51997                   1
          167.571327             0.52001                   1
          187.515891             0.52000                   1
          239.384670             0.52001                   1
          251.349433             0.50997                   1
          275.293866             0.52005                   1
          277.278874             0.52000                   1
          305.233245             0.50995                   1
          313.203001             0.52012                   1
          323.182863             0.50491                   1
          337.132446             0.50503                   1
