           10.014876             0.54474                   1
           41.939164             0.69945                   1
           47.918987             0.59143                   1
           57.883775             0.79439                   1
           85.813110             0.67215                   1
           93.752992             0.51602                   1
           95.737870             0.51507                   1
          117.682424             0.96185                   1
          139.641939             0.54564                   1
          165.586361             0.58442                   1
          177.551044             0.57137                   1
          203.490497             0.60708                   1
          217.455152             0.65001                   1
          227.434981             0.63787                   1
          241.369652             0.58285                   1
          267.329232             0.95839                   1
          273.308978             0.61052                   1
          285.273675             0.67744                   1
          295.253422             0.53739                   1
          319.197921             0.60016                   1
          331.137625             0.61209                   1
          339.117458             0.75200                   1
