           15.994768             0.83667                   1
           51.903939             0.74240                   1
           75.848418             0.75720                   1
           83.813231             0.58407                   1
           87.798073             0.95914                   1
           91.768045             0.62101                   1
          105.732719             1.29593                   1
          107.717709             0.59887                   1
          173.566158             0.62838                   1
          199.505612             0.67212                   1
          207.475411             0.83806                   1
          213.470276             0.93903                   1
          225.435070             0.59790                   1
          229.419860             0.82892                   1
          237.399784             0.91277                   1
          245.369617             0.93473                   1
          255.334337             0.65769                   1
          301.248302             0.43035                   1
          325.167792             0.66209                   1
          327.152743             0.48507                   1
          341.102323             0.65515                   1
