           10.014876             0.51502                   1
           41.939164             0.50494                   1
           47.918987             0.52002                   1
           57.883775             0.50996                   1
           85.813110             0.50504                   1
           93.752992             0.50998                   1
           95.737870             0.51008                   1
          117.682424             0.52003                   1
          139.641939             0.50504                   1
          165.586361             0.50488                   1
          177.551044             0.50501                   1
          203.490497             0.51000                   1
          217.455152             0.52008                   1
          227.434981             0.50502                   1
          241.369652             0.52018                   1
          267.329232             0.50482                   1
          273.308978             0.51995                   1
          285.273675             0.51009                   1
          295.253422             0.52004                   1
          319.197921             0.50498                   1
          331.137625             0.51998                   1
          339.117458             0.50490                   1
