            8.022164             0.51503                   1
           15.993518             0.51478                   1
           17.975434             0.52976                   1
           31.936512             0.51482                   1
           39.923680             0.51481                   1
           43.901669             0.51472                   1
           47.879616             0.51473                   1
           69.812945             0.51486                   1
           77.800104             0.51473                   1
           85.740411             0.51479                   1
          103.695759             0.51486                   1
          107.673808             0.51478                   1
          115.629699             0.51468                   1
          121.620043             0.51472                   1
          157.499672             0.51478                   1
          167.467995             0.51515                   1
          233.330507             0.51481                   1
          255.279524             0.51476                   1
          257.260725             0.51472                   1
          275.200549             0.51474                   1
          289.131161             0.51483                   1
          305.058617             0.51479                   1
          321.001699             0.51476                   1
          332.966721             0.51481                   1
