           14.012333             0.51479                   1
           23.965036             0.51479                   1
           29.955386             0.51485                   1
           61.841499             0.51473                   1
           79.781276             0.51477                   1
           89.718402             0.51476                   1
          111.652418             0.52974                   1
          113.648583             0.51479                   1
          123.601239             0.51478                   1
          145.534615             0.51481                   1
          179.464254             0.51485                   1
          185.439008             0.51476                   1
          189.432543             0.51479                   1
          191.413781             0.51480                   1
          195.391750             0.51472                   1
          219.368669             0.51478                   1
          225.359031             0.51483                   1
          241.302031             0.51479                   1
          251.285920             0.51481                   1
          259.241901             0.51468                   1
          273.219340             0.51477                   1
          279.178465             0.51478                   1
          295.090308             0.51477                   1
          313.030088             0.51485                   1
