           45.883744             0.51487                   1
           57.863518             0.51471                   1
           67.831782             0.51477                   1
           81.762420             0.51484                   1
           83.759239             0.51472                   1
           99.702215             0.51483                   1
          125.582435             0.51478                   1
          129.560332             0.51519                   1
          137.547455             0.51478                   1
          149.528170             0.51471                   1
          165.486830             0.51476                   1
          207.388074             0.51470                   1
          235.327283             0.51480                   1
          267.228998             0.51476                   1
          281.160169             0.51538                   1
          285.153210             0.51482                   1
          291.127954             0.51481                   1
          293.109144             0.51481                   1
          299.068299             0.51502                   1
          309.037139             0.52983                   1
          315.011298             0.51484                   1
          322.982853             0.51472                   1
          338.957069             0.51481                   1
          340.938262             0.51480                   1
