            8.025911             0.84578                   1
           16.010750             0.56474                   1
           17.995707             0.50768                   1
           31.945346             0.69361                   1
           43.925144             0.45743                   1
           47.894980             0.65549                   1
           69.849502             0.72431                   1
           77.834330             0.53921                   1
           86.094143             0.69514                   1
          104.053791             0.79098                   1
          108.038615             0.72598                   1
          116.008412             0.37996                   1
          121.988340             0.64787                   1
          157.897438             0.63365                   1
          167.877298             0.63745                   1
          233.750844             0.66590                   1
          255.710314             0.59373                   1
          257.695221             0.80876                   1
          275.639903             0.75955                   1
          289.594545             0.71641                   1
          321.478822             0.63920                   1
          333.443567             0.65809                   1
