           14.010736             0.52002                   1
           23.975534             0.51000                   1
           29.960418             0.52000                   1
           61.869654             0.52001                   1
           79.819193             0.52010                   1
           90.079082             0.51994                   1
          112.023544             0.51999                   1
          114.018490             0.51000                   1
          123.973209             0.51998                   1
          145.932833             0.50495                   1
          179.857002             0.52004                   1
          185.851816             0.50502                   1
          189.836815             0.50493                   1
          191.821773             0.51991                   1
          195.806672             0.51499                   1
          219.786142             0.50992                   1
          225.771026             0.51995                   1
          241.730683             0.50993                   1
          251.725443             0.50497                   1
          259.680293             0.51992                   1
          273.654883             0.51004                   1
          279.624764             0.51003                   1
          295.549437             0.51999                   1
          313.494031             0.51999                   1
