            8.025911             0.50996                   1
           16.010750             0.50485                   1
           17.995707             0.50496                   1
           31.945346             0.52003                   1
           43.925144             0.51493                   1
           47.894980             0.52001                   1
           69.849502             0.50994                   1
           77.834330             0.51999                   1
           86.094143             0.51998                   1
          104.053791             0.51993                   1
          108.038615             0.52001                   1
          116.008412             0.50503                   1
          121.988340             0.51996                   1
          157.897438             0.52004                   1
          167.877298             0.50504                   1
          233.750844             0.51999                   1
          255.710314             0.50504                   1
          257.695221             0.50503                   1
          275.639903             0.50996                   1
          289.594545             0.50500                   1
          321.478822             0.50501                   1
          333.443567             0.51993                   1
