           45.910039             0.52000                   1
           57.884800             0.50995                   1
           67.854551             0.51993                   1
           84.109235             0.50496                   1
          100.068813             0.50996                   1
          125.958202             0.52002                   1
          129.958159             0.50497                   1
          137.937996             0.51993                   1
          149.917744             0.50497                   1
          165.892347             0.50499                   1
          207.796385             0.51998                   1
          235.750705             0.50507                   1
          267.660051             0.52017                   1
          281.609721             0.52001                   1
          285.594634             0.51999                   1
          299.534347             0.51999                   1
          309.514183             0.50482                   1
          315.478965             0.51995                   1
          323.463808             0.50497                   1
          339.438430             0.50501                   1
          341.423398             0.50491                   1
