           45.910039             0.56848                   1
           57.884800             0.67333                   1
           67.854551             0.89530                   1
           84.109235             1.07214                   1
          100.068813             0.62408                   1
          125.958202             0.49387                   1
          129.958159             0.59780                   1
          137.937996             0.80976                   1
          149.917744             0.59758                   1
          165.892347             0.57448                   1
          207.796385             0.82114                   1
          235.750705             0.89798                   1
          267.660051             0.85164                   1
          281.609721             0.70155                   1
          285.594634             0.66850                   1
          299.534347             0.76833                   1
          309.514183             0.87620                   1
          315.478965             0.79918                   1
          323.463808             0.92615                   1
          339.438430             0.71105                   1
          341.423398             1.04600                   1
