           10.000532             0.51662                   1
           23.949430             0.51662                   1
           45.881012             0.51662                   1
           65.846080             0.51662                   1
          109.709241             0.51663                   1
          121.658289             0.51662                   1
          129.640988             0.51662                   1
          147.572892             0.51662                   1
          153.555745             0.51662                   1
          155.555578             0.49996                   1
          177.453833             0.51662                   1
          201.351927             0.51662                   1
          217.267311             0.51663                   1
          241.215404             0.51662                   1
          273.112855             0.51662                   1
          293.227929             0.51662                   1
          297.194260             0.51663                   1
          307.176809             0.51662                   1
          323.108875             0.51662                   1
          327.091886             0.51662                   1
          335.074585             0.51662                   1
