           10.000532             0.61516                   1
           23.949430             0.81786                   1
           45.881012             0.77373                   1
           65.846080             0.69610                   1
          109.709241             0.56779                   1
          121.658289             0.98646                   1
          129.640988             0.69954                   1
          147.572892             1.25514                   1
          153.555745             0.68818                   1
          155.555578             0.70426                   1
          177.453833             0.74143                   1
          201.351927             0.65073                   1
          217.267311             0.70294                   1
          241.215404             0.53020                   1
          273.112855             0.51994                   1
          293.227929             1.40428                   1
          297.194260             0.97388                   1
          307.176809             1.31904                   1
          323.108875             0.69860                   1
          327.091886             0.59547                   1
          335.074585             0.72455                   1
