            8.017362             0.88639                   1
           13.983553             0.69602                   1
           21.966263             0.76108                   1
           35.915143             1.17183                   1
           37.898301             0.78063                   1
           71.828934             0.99313                   1
           97.776863             0.76448                   1
          107.726067             0.84706                   1
          111.692416             0.72859                   1
          117.675283             1.00156                   1
          131.624165             0.84428                   1
          163.504949             0.79470                   1
          167.471293             0.58825                   1
          205.334940             0.79557                   1
          209.317955             0.82045                   1
          257.164129             0.80506                   1
          265.130166             1.10278                   1
          279.262417             0.61823                   1
          303.177133             0.63086                   1
          313.142998             0.60071                   1
          337.057756             0.83735                   1
