           27.932461             0.73076                   1
           83.811313             1.05840                   1
           93.793849             0.67561                   1
          103.759725             0.72548                   1
          141.590031             1.03017                   1
          157.538754             0.57706                   1
          165.488147             1.07547                   1
          181.420180             0.67897                   1
          187.403040             0.73600                   1
          191.369394             0.82553                   1
          211.301129             0.62129                   1
          215.284137             0.62215                   1
          229.249690             0.96821                   1
          235.232560             0.92916                   1
          239.232233             0.74550                   1
          247.198264             0.55517                   1
          255.180958             0.62029                   1
          261.147148             0.64594                   1
          277.095860             1.26477                   1
          295.211085             0.43712                   1
          311.159823             0.64798                   1
          317.126016             0.85762                   1
