           27.932461             0.51660                   1
           83.811313             0.51662                   1
           93.793849             0.51662                   1
          103.759725             0.51662                   1
          141.590031             0.51662                   1
          157.538754             0.51663                   1
          165.488147             0.51660                   1
          181.420180             0.51662                   1
          187.403040             0.51662                   1
          191.369394             0.51661                   1
          211.301129             0.51662                   1
          215.284137             0.51664                   1
          229.249690             0.51664                   1
          235.232560             0.51662                   1
          239.232233             0.51663                   1
          247.198264             0.51662                   1
          255.180958             0.51662                   1
          261.147148             0.51662                   1
          277.095860             0.51663                   1
          295.211085             0.51663                   1
          311.159823             0.51662                   1
          317.126016             0.51662                   1
