            8.017362             0.51662                   1
           13.983553             0.51662                   1
           21.966263             0.51661                   1
           35.915143             0.51662                   1
           37.898301             0.51663                   1
           71.828934             0.51662                   1
           97.776863             0.51662                   1
          107.726067             0.51662                   1
          111.692416             0.51662                   1
          117.675283             0.51661                   1
          131.624165             0.51662                   1
          163.504949             0.51662                   1
          167.471293             0.51662                   1
          205.334940             0.51662                   1
          209.317955             0.51662                   1
          257.164129             0.51662                   1
          265.130166             0.51662                   1
          279.262417             0.51657                   1
          303.177133             0.51662                   1
          313.142998             0.51663                   1
          337.057756             0.51662                   1
