            8.029156             0.51662                   1
           47.892636             0.51662                   1
          125.636428             0.51662                   1
          159.550372             0.51664                   1
          173.482615             0.51662                   1
          199.363878             0.51662                   1
          213.329430             0.51662                   1
          313.504763             0.51661                   1
           10.012327             0.51662                   1
           43.909622             0.51662                   1
           85.789612             0.51662                   1
          113.704048             0.51662                   1
          117.670396             0.51662                   1
          131.619284             0.51662                   1
