           65.857872             0.91629                   1
           67.841041             0.61308                   1
           91.772465             0.73703                   1
          157.567215             0.90055                   1
          165.516576             0.67903                   1
          167.499751             0.80777                   1
          177.465628             1.04962                   1
          181.431973             0.60315                   1
          189.414678             0.67625                   1
          197.380706             0.99801                   1
          203.346891             0.53571                   1
          231.277990             0.68384                   1
          245.210212             0.47130                   1
          259.659068             0.53407                   1
          261.658896             0.55815                   1
          271.641435             0.59936                   1
          289.573333             0.61897                   1
          325.437138             0.69821                   1
