           65.857872             0.51661                   1
           67.841041             0.51662                   1
           91.772465             0.51662                   1
          157.567215             0.51662                   1
          165.516576             0.51664                   1
          167.499751             0.51662                   1
          177.465628             0.51662                   1
          181.431973             0.51662                   1
          189.414678             0.51662                   1
          197.380706             0.51662                   1
          203.346891             0.51662                   1
          231.277990             0.51662                   1
          245.210212             0.51662                   1
          259.659068             0.51662                   1
          261.658896             0.51662                   1
          271.641435             0.51662                   1
          289.573333             0.51663                   1
          325.437138             0.51662                   1
