           23.977885             0.71741                   1
           33.943743             0.87931                   1
           41.926468             0.69634                   1
           93.755642             0.98580                   1
          115.687220             0.82966                   1
          149.584508             0.79548                   1
          163.533406             0.76625                   1
          193.397690             0.62115                   1
          215.312591             0.62570                   1
          221.295467             1.10661                   1
          241.243864             0.73376                   1
          285.606986             0.66546                   1
          293.556351             1.38787                   1
          315.487931             0.95172                   1
          321.470789             0.81671                   1
          327.420306             0.69101                   1
