           23.977885             0.51661                   1
           33.943743             0.51663                   1
           41.926468             0.51660                   1
           93.755642             0.51662                   1
          115.687220             0.51662                   1
          149.584508             0.51662                   1
          163.533406             0.51662                   1
          193.397690             0.51662                   1
          215.312591             0.51662                   1
          221.295467             0.51661                   1
          241.243864             0.51662                   1
          285.606986             0.51662                   1
          293.556351             0.51662                   1
          315.487931             0.51662                   1
          321.470789             0.51660                   1
          327.420306             0.51663                   1
