           17.995029             0.50040                   1
           27.960900             0.58228                   1
           53.892157             0.77834                   1
           55.875316             0.57913                   1
           73.823896             0.91012                   1
           81.806593             0.73518                   1
          103.738177             0.80299                   1
          109.721033             0.91600                   1
          121.653411             0.83129                   1
          143.618326             0.87379                   1
          147.601333             1.04268                   1
          179.448797             0.60241                   1
          229.294827             1.04305                   1
          235.261009             0.62876                   1
          243.227019             0.79051                   1
          247.693401             0.47604                   1
          251.676354             0.65298                   1
          277.624291             0.61636                   1
          287.590160             0.60220                   1
          297.539369             0.70076                   1
          309.521745             1.24609                   1
          323.453955             0.55348                   1
          339.402692             0.62832                   1
          341.385868             0.60508                   1
