           17.995029             0.51662                   1
           27.960900             0.51663                   1
           53.892157             0.51662                   1
           55.875316             0.51663                   1
           73.823896             0.51663                   1
           81.806593             0.51662                   1
          103.738177             0.51662                   1
          109.721033             0.51662                   1
          121.653411             0.51662                   1
          143.618326             0.51662                   1
          147.601333             0.51662                   1
          179.448797             0.51661                   1
          229.294827             0.51661                   1
          235.261009             0.51660                   1
          243.227019             0.51664                   1
          247.693401             0.51657                   1
          251.676354             0.51663                   1
          277.624291             0.51662                   1
          287.590160             0.51662                   1
          297.539369             0.51662                   1
          309.521745             0.51662                   1
          323.453955             0.51663                   1
          339.402692             0.51662                   1
          341.385868             0.51662                   1
