           10.011917             0.51662                   1
           13.978278             0.51662                   1
           37.926450             0.51661                   1
           73.890329             0.51663                   1
           79.873207             0.51662                   1
           83.856232             0.51664                   1
           85.839413             0.51660                   1
           93.772182             0.51657                   1
          115.653785             0.51662                   1
          127.602859             0.51662                   1
          137.585428             0.51664                   1
          167.499789             0.51662                   1
          169.482967             0.51663                   1
          181.448712             0.51663                   1
          193.397793             0.51660                   1
          233.278061             0.51662                   1
          241.260789             0.51661                   1
          249.226831             0.51662                   1
          261.175909             0.51663                   1
          267.158783             0.51662                   1
          277.141348             0.51662                   1
          317.004941             0.51660                   1
          340.969764             0.51662                   1
