            8.028715             0.51665                   1
           11.995098             0.51662                   1
           31.943546             0.51664                   1
           45.892505             0.51657                   1
           57.941562             0.51662                   1
           69.923973             0.51662                   1
           87.822589             0.51662                   1
          105.721214             0.51662                   1
          107.704389             0.51663                   1
          111.687433             0.51661                   1
          113.670617             0.51661                   1
          119.636809             0.51662                   1
          123.636502             0.51662                   1
          139.568604             0.51666                   1
          149.551182             0.51661                   1
          159.517068             0.51662                   1
          183.431863             0.51666                   1
          205.330219             0.51661                   1
          213.312921             0.51662                   1
          227.295188             0.51662                   1
          255.209703             0.51663                   1
          293.090118             0.51662                   1
          299.056324             0.51662                   1
          303.039351             0.51661                   1
