           10.011917             1.08377                   1
           13.978278             1.18934                   1
           37.926450             1.00858                   1
           73.890329             0.99584                   1
           79.873207             1.04483                   1
           83.856232             1.06974                   1
           85.839413             0.95852                   1
           93.772182             0.91354                   1
          115.653785             1.06341                   1
          127.602859             1.01007                   1
          137.585428             1.12329                   1
          167.499789             0.92021                   1
          169.482967             1.13699                   1
          181.448712             1.13098                   1
          193.397793             1.15762                   1
          233.278061             1.22042                   1
          241.260789             1.14951                   1
          249.226831             1.01528                   1
          261.175909             1.04994                   1
          267.158783             0.97091                   1
          277.141348             1.09211                   1
          317.004941             1.11556                   1
          340.969764             1.01424                   1
