           19.961131             0.51664                   1
           23.944178             0.51663                   1
           39.909615             0.51662                   1
           47.959051             0.51655                   1
           71.907143             0.51662                   1
           89.805774             0.51662                   1
           91.788964             0.51661                   1
           95.755323             0.51662                   1
          101.738187             0.51662                   1
          125.619681             0.51662                   1
          157.533891             0.51664                   1
          177.465688             0.51663                   1
          189.414729             0.51666                   1
          197.380819             0.51662                   1
          199.363991             0.51664                   1
          203.347027             0.51662                   1
          219.312469             0.51662                   1
          243.243959             0.51662                   1
          259.192732             0.51664                   1
          281.124374             0.51662                   1
          297.073146             0.51662                   1
          307.022388             0.51662                   1
          313.021933             0.51664                   1
          328.987356             0.51664                   1
