            8.028715             1.09103                   1
           11.995098             1.14853                   1
           31.943546             1.05561                   1
           45.892505             1.12235                   1
           57.941562             0.96102                   1
           69.923973             0.96230                   1
           87.822589             1.11132                   1
          105.721214             1.23623                   1
          107.704389             1.07701                   1
          111.687433             1.31787                   1
          113.670617             1.07863                   1
          119.636809             0.96830                   1
          123.636502             0.60851                   1
          139.568604             0.98807                   1
          149.551182             1.08527                   1
          159.517068             1.11111                   1
          183.431863             1.18776                   1
          205.330219             1.13690                   1
          213.312921             1.00200                   1
          227.295188             1.04342                   1
          255.209703             0.96827                   1
          293.090118             1.09494                   1
          299.056324             1.03262                   1
          303.039351             1.11349                   1
