           19.961131             1.06235                   1
           23.944178             1.03116                   1
           39.909615             1.20141                   1
           47.959051             1.11976                   1
           71.907143             1.09911                   1
           89.805774             0.98409                   1
           91.788964             1.04882                   1
           95.755323             1.03436                   1
          101.738187             1.21940                   1
          125.619681             1.02529                   1
          157.533891             1.06233                   1
          177.465688             1.21008                   1
          189.414729             0.98079                   1
          197.380819             1.09450                   1
          199.363991             1.03928                   1
          203.347027             1.00015                   1
          219.312469             1.17832                   1
          243.243959             1.16631                   1
          259.192732             1.09717                   1
          281.124374             1.08502                   1
          297.073146             1.13586                   1
          307.022388             1.16239                   1
          313.021933             1.13869                   1
          328.987356             1.18092                   1
