           23.970907             0.51663                   1
           45.902633             0.51662                   1
           55.885218             0.51663                   1
           57.868408             0.51662                   1
           65.851154             0.51662                   1
          105.748176             0.51664                   1
          110.181250             0.51657                   1
          154.027939             0.51662                   1
          156.011110             0.51664                   1
          177.926166             0.51662                   1
          201.824393             0.51662                   1
          217.739872             0.51663                   1
          241.671429             0.51662                   1
          273.585729             0.51662                   1
          293.517584             0.51663                   1
          297.483955             0.51662                   1
          307.449884             0.51662                   1
          323.382025             0.51663                   1
          327.365088             0.51660                   1
          335.347798             0.51663                   1
