           27.953986             0.51660                   1
           83.816477             0.51663                   1
           93.799069             0.51663                   1
          103.764997             0.51663                   1
          138.079132             0.51660                   1
          142.062154             0.51663                   1
          158.010973             0.51662                   1
          165.960384             0.51663                   1
          181.892536             0.51662                   1
          187.875427             0.51662                   1
          191.841797             0.51663                   1
          211.773648             0.51663                   1
          215.756687             0.51662                   1
          229.722338             0.51660                   1
          235.705241             0.51659                   1
          247.670987             0.49996                   1
          255.653729             0.51662                   1
          261.619941             0.51663                   1
          277.568767             0.51662                   1
          281.535138             0.51663                   1
          295.500766             0.51663                   1
          317.399137             0.51662                   1
