           10.021970             0.51661                   1
          122.130306             0.51662                   1
          130.113048             0.51662                   1
          148.045043             0.51663                   1
            8.038776             0.51664                   1
          132.096221             0.51663                   1
          179.909348             0.51662                   1
          303.466865             0.51660                   1
          239.688236             0.51663                   1
          311.432919             0.51662                   1
