           27.953986             0.78139                   1
           83.816477             0.87774                   1
           93.799069             0.58296                   1
          103.764997             0.82482                   1
          138.079132             0.83799                   1
          142.062154             1.17488                   1
          158.010973             0.68172                   1
          165.960384             0.66816                   1
          181.892536             0.63167                   1
          187.875427             0.75264                   1
          191.841797             0.69819                   1
          211.773648             1.01395                   1
          215.756687             0.95880                   1
          229.722338             0.88087                   1
          235.705241             0.90586                   1
          247.670987             0.74788                   1
          255.653729             0.82896                   1
          261.619941             1.12660                   1
          277.568767             0.83346                   1
          281.535138             0.93101                   1
          295.500766             0.76510                   1
          317.399137             0.65029                   1
