           14.004998             1.31466                   1
           21.987739             0.96374                   1
           35.936697             1.39850                   1
           37.919888             0.81529                   1
           71.834034             0.80442                   1
           97.782105             0.71184                   1
          107.748041             0.49769                   1
          112.164376             0.77727                   1
          118.147271             0.97027                   1
          159.994161             0.61051                   1
          163.977199             0.84336                   1
          167.943571             0.83693                   1
          189.858611             0.83344                   1
          205.807428             0.82028                   1
          209.790466             1.02116                   1
          257.636913             0.87774                   1
          265.602988             0.69550                   1
          279.551951             0.61825                   1
          337.330990             0.67001                   1
