           23.970907             0.83655                   1
           45.902633             0.74438                   1
           55.885218             0.83358                   1
           57.868408             1.33835                   1
           65.851154             0.93151                   1
          105.748176             0.59358                   1
          110.181250             0.60845                   1
          154.027939             0.99284                   1
          156.011110             1.04964                   1
          177.926166             1.07011                   1
          201.824393             0.71541                   1
          217.739872             1.01560                   1
          241.671429             0.93154                   1
          273.585729             0.68057                   1
          293.517584             0.76429                   1
          297.483955             0.93387                   1
          307.449884             1.19973                   1
          323.382025             1.07528                   1
          327.365088             1.06812                   1
          335.347798             0.75723                   1
