           14.004998             0.51662                   1
           21.987739             0.51662                   1
           35.936697             0.51663                   1
           37.919888             0.51663                   1
           71.834034             0.51662                   1
           97.782105             0.51663                   1
          107.748041             0.49996                   1
          112.164376             0.51663                   1
          118.147271             0.51662                   1
          159.994161             0.51662                   1
          163.977199             0.51662                   1
          167.943571             0.51662                   1
          189.858611             0.51661                   1
          205.807428             0.51662                   1
          209.790466             0.51662                   1
          257.636913             0.51662                   1
          265.602988             0.51662                   1
          279.551951             0.51663                   1
          337.330990             0.51662                   1
