           14.000327             0.51471                   1
           15.981452             0.51475                   1
           51.876404             0.51476                   1
           83.793382             0.51476                   1
           87.755642             0.51486                   1
          105.679767             0.51476                   1
          107.660851             0.51485                   1
          173.476049             0.51474                   1
          179.450747             0.51478                   1
          199.418338             0.51483                   1
          207.389770             0.51481                   1
          213.364432             0.51483                   1
          229.307395             0.51476                   1
          237.294420             0.51483                   1
          245.250347             0.51474                   1
          255.218497             0.51474                   1
          301.112819             0.51484                   1
          327.008324             0.51478                   1
          340.938908             0.51476                   1
