           25.965256             0.51478                   1
           29.958824             0.51475                   1
           31.939968             0.51474                   1
           49.895175             0.51481                   1
           81.796633             0.51479                   1
           89.736822             0.51479                   1
          111.654426             0.51479                   1
          125.616158             0.51479                   1
          129.594361             0.51541                   1
          135.584355             0.51482                   1
          151.558486             0.51474                   1
          153.539719             0.51457                   1
          157.517552             0.51529                   1
          167.486567             0.52962                   1
          187.437791             0.51480                   1
          239.275605             0.51475                   1
          251.224978             0.51534                   1
          275.170533             0.51479                   1
          277.151660             0.51483                   1
          305.090716             0.51482                   1
          313.062210             0.51475                   1
          323.030405             0.51476                   1
          336.976502             0.51485                   1
