            8.025752             0.51492                   1
           10.022398             0.51470                   1
           41.923786             0.51473                   1
           47.914072             0.51474                   1
           57.866690             0.51468                   1
           85.774526             0.51481                   1
           95.695886             0.51482                   1
          117.629119             0.51478                   1
          139.577978             0.51474                   1
          165.504591             0.51478                   1
          177.469614             0.51479                   1
          203.396262             0.51479                   1
          217.358044             0.51478                   1
          227.326170             0.51483                   1
          241.256737             0.51480                   1
          267.199076             0.51468                   1
          273.189372             0.51474                   1
          285.138763             0.51473                   1
          309.084336             0.51472                   1
          319.052472             0.51482                   1
          330.986240             0.51480                   1
