           10.017458             0.51475                   1
           13.979749             0.51485                   1
           37.925530             0.51483                   1
           73.820776             0.51484                   1
           79.795501             0.51481                   1
           83.789046             0.51480                   1
           85.770294             0.51473                   1
           93.710598             0.51471                   1
          115.597170             0.51477                   1
          127.531847             0.52958                   1
          137.530560             0.51480                   1
          167.451044             0.51480                   1
          169.432279             0.51466                   1
          181.397285             0.51478                   1
          233.235511             0.51476                   1
          241.222701             0.51481                   1
          249.194178             0.51482                   1
          261.143745             0.51477                   1
          267.134004             0.51484                   1
          277.118007             0.51481                   1
          289.083027             0.51477                   1
          316.975559             0.51482                   1
          340.936845             0.51512                   1
