           19.970121             0.61349                   1
           23.948112             0.59540                   1
           39.906749             0.62845                   1
           47.878220             0.71284                   1
           71.823968             0.82267                   1
           89.732613             0.53769                   1
           91.729400             0.58082                   1
           95.691770             0.73041                   1
          101.682076             0.74797                   1
          125.549866             0.69575                   1
          157.482792             0.57817                   1
          177.419326             0.66527                   1
          189.368825             0.69153                   1
          197.340369             0.72786                   1
          199.321507             0.82671                   1
          203.315053             0.65710                   1
          219.258121             0.79369                   1
          243.203929             0.67947                   1
          259.162597             0.53650                   1
          281.095896             0.77080                   1
          297.054594             0.74782                   1
          307.007232             0.54698                   1
          312.982467             0.72361                   1
          328.956244             0.69358                   1
