           19.970121             0.51478                   1
           23.948112             0.51472                   1
           39.906749             0.51476                   1
           47.878220             0.51474                   1
           71.823968             0.51483                   1
           89.732613             0.51478                   1
           91.729400             0.51468                   1
           95.691770             0.51472                   1
          101.682076             0.51477                   1
          125.549866             0.51477                   1
          157.482792             0.51474                   1
          177.419326             0.51487                   1
          189.368825             0.51475                   1
          197.340369             0.51479                   1
          199.321507             0.51475                   1
          203.315053             0.51474                   1
          219.258121             0.51476                   1
          243.203929             0.51473                   1
          259.162597             0.51477                   1
          281.095896             0.51479                   1
          297.054594             0.51471                   1
          307.007232             0.51477                   1
          312.982467             0.51528                   1
          328.956244             0.51479                   1
