           10.017458             0.70234                   1
           13.979749             0.46795                   1
           37.925530             0.52173                   1
           73.820776             0.46581                   1
           79.795501             0.61895                   1
           83.789046             0.61733                   1
           85.770294             0.70004                   1
           93.710598             0.54359                   1
          115.597170             0.56859                   1
          127.531847             0.52983                   1
          137.530560             0.67481                   1
          167.451044             0.57776                   1
          169.432279             0.66849                   1
          181.397285             0.91125                   1
          233.235511             0.60011                   1
          241.222701             0.75676                   1
          249.194178             0.67316                   1
          261.143745             0.68337                   1
          267.134004             0.78896                   1
          277.118007             0.66879                   1
          289.083027             0.63959                   1
          316.975559             0.65048                   1
          340.936845             0.64878                   1
