            8.020773             0.51478                   1
           11.998556             0.51485                   1
           31.935213             0.51479                   1
           45.897095             0.51477                   1
           57.862182             0.51469                   1
           69.842878             0.51474                   1
           87.751437             0.51477                   1
          105.660075             0.51479                   1
          107.641227             0.51481                   1
          111.634847             0.51477                   1
          113.615943             0.51477                   1
          119.590774             0.51475                   1
          123.568686             0.51477                   1
          139.511654             0.51486                   1
          149.495601             0.51489                   1
          159.463929             0.51478                   1
          183.379164             0.52971                   1
          205.296244             0.51480                   1
          213.283433             0.51475                   1
          227.245239             0.51474                   1
          255.168986             0.51476                   1
          293.060956             0.51479                   1
          299.035742             0.51475                   1
          303.013830             0.51466                   1
