           10.027469             0.51483                   1
           43.925900             0.51479                   1
           65.874908             0.51480                   1
           67.856099             0.51479                   1
           85.811530             0.51478                   1
           91.786585             0.51530                   1
          113.735262             0.51475                   1
          117.697611             0.51485                   1
          131.659536             0.51472                   1
          157.586415             0.51545                   1
          165.542311             0.51478                   1
          167.539096             0.51481                   1
          177.507431             0.51476                   1
          181.469695             0.51482                   1
          189.456901             0.51481                   1
          197.428424             0.51480                   1
          203.387556             0.51476                   1
          231.311223             0.51486                   1
          245.257487             0.51482                   1
          259.203731             0.51485                   1
          261.200564             0.51478                   1
          271.184488             0.51485                   1
          289.109300             0.52985                   1
          324.988321             0.51480                   1
