            8.046568             0.51454                   1
           23.989365             0.51477                   1
           33.957564             0.51487                   1
           41.944856             0.51470                   1
           47.919512             0.51483                   1
           93.783048             0.51481                   1
          115.716386             0.51485                   1
          125.669136             0.51482                   1
          149.614888             0.51479                   1
          159.583181             0.51485                   1
          163.561131             0.51481                   1
          173.513891             0.51470                   1
          193.434823             0.51477                   1
          199.409584             0.51475                   1
          213.371407             0.51492                   1
          215.368216             0.51480                   1
          221.342959             0.51480                   1
          241.279543             0.51483                   1
          285.146317             0.51485                   1
          293.102278             0.51479                   1
          313.054490             0.51474                   1
          315.035625             0.51485                   1
          321.025955             0.51485                   1
          326.985131             0.51479                   1
