           10.024989             0.51481                   1
           13.987295             0.51473                   1
           37.932800             0.51470                   1
           73.812496             0.52987                   1
           79.802277             0.51473                   1
           83.795766             0.51478                   1
           85.776922             0.51479                   1
           93.717164             0.51478                   1
          115.603466             0.51477                   1
          127.537188             0.51472                   1
          137.520944             0.51478                   1
          167.456733             0.51468                   1
          169.437871             0.51475                   1
          181.402768             0.51478                   1
          193.352124             0.51478                   1
          233.240387             0.51483                   1
          241.212539             0.52976                   1
          249.183266             0.51476                   1
          261.148258             0.51471                   1
          267.122853             0.51484                   1
          277.106634             0.51483                   1
          289.087237             0.51477                   1
          316.979391             0.51478                   1
          340.940519             0.51477                   1
