            8.028360             0.57934                   1
           12.006191             0.41742                   1
           31.942509             0.75250                   1
           45.889421             0.52966                   1
           57.869180             0.66501                   1
           69.849651             1.16417                   1
           87.758041             0.63123                   1
          105.666477             0.56224                   1
          107.647603             0.51706                   1
          111.641160             0.81938                   1
          113.622291             0.62218                   1
          119.581684             0.50260                   1
          123.574897             0.58127                   1
          139.517731             0.54193                   1
          149.501505             0.74984                   1
          159.469673             0.53337                   1
          183.383944             0.56232                   1
          205.301426             0.44420                   1
          213.288482             0.87289                   1
          227.250216             0.75073                   1
          255.173543             0.58657                   1
          293.065156             0.60579                   1
          299.039836             0.79890                   1
          303.017630             0.65300                   1
