           10.024989             0.59069                   1
           13.987295             0.42027                   1
           37.932800             0.94599                   1
           73.812496             0.44121                   1
           79.802277             0.69120                   1
           83.795766             0.46565                   1
           85.776922             0.52443                   1
           93.717164             0.39195                   1
          115.603466             0.36894                   1
          127.537188             0.49882                   1
          137.520944             0.61081                   1
          167.456733             0.55408                   1
          169.437871             0.60488                   1
          181.402768             0.59961                   1
          193.352124             0.63388                   1
          233.240387             0.60841                   1
          241.212539             0.80399                   1
          249.183266             0.60101                   1
          261.148258             0.41964                   1
          267.122853             0.62890                   1
          277.106634             0.55681                   1
          289.087237             0.55983                   1
          316.979391             0.54676                   1
          340.940519             0.68889                   1
