            8.028360             0.51500                   1
           12.006191             0.51473                   1
           31.942509             0.51484                   1
           45.889421             0.52950                   1
           57.869180             0.51473                   1
           69.849651             0.51480                   1
           87.758041             0.51482                   1
          105.666477             0.51479                   1
          107.647603             0.51484                   1
          111.641160             0.51478                   1
          113.622291             0.51480                   1
          119.581684             0.51539                   1
          123.574897             0.51479                   1
          139.517731             0.51480                   1
          149.501505             0.51477                   1
          159.469673             0.51478                   1
          183.383944             0.51475                   1
          205.301426             0.51481                   1
          213.288482             0.51478                   1
          227.250216             0.51474                   1
          255.173543             0.51481                   1
          293.065156             0.51471                   1
          299.039836             0.51473                   1
          303.017630             0.51489                   1
