           19.977613             0.54175                   1
           23.955418             0.73182                   1
           39.913971             0.70077                   1
           47.885396             0.52910                   1
           71.830793             0.62293                   1
           89.739200             0.45000                   1
           91.720319             0.46084                   1
           95.698322             0.37070                   1
          101.688566             0.78026                   1
          125.556048             0.53603                   1
          157.488597             0.75452                   1
          177.424885             0.71363                   1
          189.374214             0.57993                   1
          197.345685             0.52019                   1
          199.326813             0.87501                   1
          203.304917             0.52079                   1
          219.263146             0.60208                   1
          243.208633             0.71182                   1
          259.151396             0.56058                   1
          281.100194             0.74712                   1
          297.043349             0.73947                   1
          307.011221             0.65125                   1
          312.985864             0.62044                   1
