           19.977613             0.51477                   1
           23.955418             0.51486                   1
           39.913971             0.51474                   1
           47.885396             0.51477                   1
           71.830793             0.51484                   1
           89.739200             0.51481                   1
           91.720319             0.51516                   1
           95.698322             0.51477                   1
          101.688566             0.51480                   1
          125.556048             0.51478                   1
          157.488597             0.51470                   1
          177.424885             0.51472                   1
          189.374214             0.51481                   1
          197.345685             0.51478                   1
          199.326813             0.51473                   1
          203.304917             0.51539                   1
          219.263146             0.51477                   1
          243.208633             0.51469                   1
          259.151396             0.51503                   1
          281.100194             0.51479                   1
          297.043349             0.51547                   1
          307.011221             0.51474                   1
          312.985864             0.51478                   1
