           12.019511             0.62007                   1
           15.997400             0.53805                   1
           47.929921             0.73256                   1
           51.892250             0.15411                   1
           63.857440             0.88453                   1
           69.847466             0.89432                   1
           89.783818             0.62132                   1
          113.713694             0.61073                   1
          123.666286             0.73780                   1
          143.602655             0.90479                   1
          153.570786             1.42437                   1
          167.516889             0.70186                   1
          191.446764             0.74721                   1
          195.424648             0.78522                   1
          235.312862             0.90379                   1
          241.303232             0.75321                   1
          249.290247             0.88594                   1
          257.246657             0.83329                   1
          277.182453             0.78493                   1
          323.014287             0.85572                   1
          328.973314             0.80850                   1
          336.960289             0.79725                   1
