            8.026158             0.51495                   1
           19.990968             0.51479                   1
           25.965577             0.51479                   1
           27.962396             0.51474                   1
           49.911110             0.51475                   1
           61.875987             0.51480                   1
           71.828590             0.51471                   1
           81.812314             0.51485                   1
          119.688314             0.51482                   1
          131.637665             0.51474                   1
          147.596136             0.51477                   1
          155.551959             0.51541                   1
          165.535719             0.51479                   1
          183.475694             0.51537                   1
          207.405187             0.51471                   1
          215.360931             0.51489                   1
          253.268153             0.51480                   1
          273.204562             0.51472                   1
          289.131770             0.51477                   1
          309.068175             0.51475                   1
          319.036314             0.51477                   1
          324.995413             0.51474                   1
