           39.942907             1.03180                   1
           87.802694             0.80252                   1
           93.761654             0.87536                   1
           95.742871             0.67009                   1
          101.733133             0.71165                   1
          115.694855             0.70951                   1
          127.644067             0.81592                   1
          139.624686             0.80292                   1
          177.500617             1.03781                   1
          193.443496             0.72642                   1
          211.383085             0.80230                   1
          219.338884             0.92622                   1
          259.242852             0.69311                   1
          267.229873             1.15377                   1
          275.186178             0.98121                   1
          283.157083             1.17804                   1
          285.153971             0.89311                   1
          299.099937             1.32271                   1
          307.086964             1.01546                   1
          317.055182             0.85497                   1
          321.018394             0.67566                   1
          338.942377             1.45504                   1
