           39.942907             0.51477                   1
           87.802694             0.51474                   1
           93.761654             0.51484                   1
           95.742871             0.51481                   1
          101.733133             0.51474                   1
          115.694855             0.51476                   1
          127.644067             0.51520                   1
          139.624686             0.51477                   1
          177.500617             0.51484                   1
          193.443496             0.51487                   1
          211.383085             0.51486                   1
          219.338884             0.51475                   1
          259.242852             0.51481                   1
          267.229873             0.51479                   1
          275.186178             0.52990                   1
          283.157083             0.51476                   1
          285.153971             0.51469                   1
          299.099937             0.51485                   1
          307.086964             0.51475                   1
          317.055182             0.51478                   1
          321.018394             0.52944                   1
          338.942377             0.52947                   1
