            8.026158             0.87754                   1
           19.990968             0.60035                   1
           25.965577             0.71356                   1
           27.962396             0.62869                   1
           49.911110             0.67927                   1
           61.875987             0.58603                   1
           71.828590             0.60914                   1
           81.812314             0.64908                   1
          119.688314             0.75591                   1
          131.637665             0.71018                   1
          147.596136             0.92722                   1
          155.551959             0.80316                   1
          165.535719             0.91508                   1
          183.475694             0.98255                   1
          207.405187             0.78032                   1
          215.360931             0.80836                   1
          253.268153             0.64397                   1
          273.204562             0.73094                   1
          289.131770             1.16321                   1
          309.068175             0.91421                   1
          319.036314             0.96972                   1
          324.995413             0.69850                   1
