           12.019511             0.51477                   1
           15.997400             0.51483                   1
           47.929921             0.51479                   1
           51.892250             0.51474                   1
           63.857440             0.51539                   1
           69.847466             0.51478                   1
           89.783818             0.51477                   1
          113.713694             0.51474                   1
          123.666286             0.51474                   1
          143.602655             0.51470                   1
          153.570786             0.51478                   1
          167.516889             0.51476                   1
          191.446764             0.51473                   1
          195.424648             0.51477                   1
          235.312862             0.51493                   1
          241.303232             0.51470                   1
          249.290247             0.51482                   1
          257.246657             0.52978                   1
          277.182453             0.51476                   1
          323.014287             0.51471                   1
          328.973314             0.51484                   1
          336.960289             0.51477                   1
