            8.026939             0.62880                   1
           12.426646             0.39701                   1
           32.358401             0.58480                   1
           46.307333             0.48355                   1
           58.273070             0.58153                   1
           70.255483             0.59084                   1
           88.170770             0.44314                   1
          106.102727             0.68677                   1
          108.085902             0.43154                   1
          112.068934             0.41641                   1
          114.102167             0.39912                   1
          120.068307             0.52087                   1
          124.051321             0.55373                   1
          140.400085             0.50862                   1
          150.382695             0.61376                   1
          160.348545             0.59973                   1
          184.280034             0.60363                   1
          206.178332             0.48080                   1
          214.161067             0.40188                   1
          228.126650             0.66000                   1
          256.057839             0.64814                   1
          293.938255             0.51886                   1
          299.904472             0.50450                   1
          303.887488             0.55339                   1
