           20.392670             0.51662                   1
           24.375691             0.51662                   1
           40.324460             0.51663                   1
           48.290510             0.51662                   1
           90.187342             0.51657                   1
           92.170463             0.51663                   1
           96.136833             0.51666                   1
          102.119675             0.51664                   1
          158.365359             0.51660                   1
          178.313817             0.51663                   1
          190.262902             0.51663                   1
          198.228961             0.51662                   1
          220.143941             0.51662                   1
          260.040865             0.51662                   1
          281.972495             0.51662                   1
          307.870516             0.51662                   1
          313.853391             0.51670                   1
          329.818816             0.51663                   1
