           14.409775             0.36586                   1
           38.341280             0.40177                   1
           74.221836             0.44038                   1
           80.221387             0.51680                   1
           84.204410             0.41758                   1
           86.187591             0.44237                   1
           94.153623             0.32413                   1
          116.085288             0.43196                   1
          128.434396             0.44261                   1
          138.416893             0.46786                   1
          168.347929             0.63211                   1
          170.331108             0.54486                   1
          194.245933             0.58150                   1
          234.109520             0.55699                   1
          262.024036             0.53783                   1
          268.006917             0.55478                   1
          277.989500             0.62796                   1
          289.955236             0.46197                   1
          317.836415             0.50813                   1
          341.801228             0.63904                   1
