            8.026939             0.51662                   1
           12.426646             0.51658                   1
           32.358401             0.51664                   1
           46.307333             0.51662                   1
           58.273070             0.51663                   1
           70.255483             0.51663                   1
           88.170770             0.51662                   1
          106.102727             0.51662                   1
          108.085902             0.51662                   1
          112.068934             0.51662                   1
          114.102167             0.51657                   1
          120.068307             0.51663                   1
          124.051321             0.51665                   1
          140.400085             0.51661                   1
          150.382695             0.51657                   1
          160.348545             0.51663                   1
          184.280034             0.51663                   1
          206.178332             0.51662                   1
          214.161067             0.51661                   1
          228.126650             0.51663                   1
          256.057839             0.49995                   1
          293.938255             0.51662                   1
          299.904472             0.51661                   1
          303.887488             0.51662                   1
