           72.238665             0.51662                   1
          126.034508             0.51664                   1
          200.212142             0.51662                   1
          204.195161             0.51670                   1
          244.075418             0.51662                   1
          297.921287             0.51662                   1
           10.010121             0.51661                   1
          182.296868             0.51661                   1
          242.092242             0.51662                   1
          250.058293             0.51663                   1
