           14.409775             0.51664                   1
           38.341280             0.51662                   1
           74.221836             0.51663                   1
           80.221387             0.51662                   1
           84.204410             0.51662                   1
           86.187591             0.51663                   1
           94.153623             0.51665                   1
          116.085288             0.51662                   1
          128.434396             0.51657                   1
          138.416893             0.51663                   1
          168.347929             0.51662                   1
          170.331108             0.51662                   1
          194.245933             0.51662                   1
          234.109520             0.51663                   1
          262.024036             0.51663                   1
          268.006917             0.51662                   1
          277.989500             0.51662                   1
          289.955236             0.51661                   1
          317.836415             0.51662                   1
          341.801228             0.51663                   1
