            8.020546             0.63517                   1
           10.017152             0.47844                   1
           41.918433             0.79222                   1
           47.908761             0.64174                   1
           57.861319             0.70483                   1
           85.769063             0.93229                   1
           93.709334             0.47168                   1
           95.690493             0.65050                   1
          117.623558             0.88478                   1
          139.572278             0.64734                   1
          177.463852             0.65058                   1
          203.390464             0.73917                   1
          217.352128             0.54513                   1
          227.320345             0.74457                   1
          241.250817             0.66970                   1
          267.193082             0.70261                   1
          273.183256             0.99221                   1
          285.132668             0.57849                   1
          309.078112             0.66430                   1
          319.046288             0.72785                   1
          330.980060             0.70568                   1
          338.951457             0.70206                   1
