           25.959991             0.51475                   1
           29.953540             0.51477                   1
           31.934686             0.51472                   1
           49.889865             0.51477                   1
           59.842408             0.51481                   1
           81.791140             0.51477                   1
           89.731348             0.51480                   1
          111.648988             0.51472                   1
          129.589131             0.52978                   1
          135.578750             0.51487                   1
          151.552757             0.51486                   1
          153.533903             0.51479                   1
          157.512176             0.51551                   1
          167.495574             0.51480                   1
          187.432023             0.51481                   1
          239.269653             0.51480                   1
          251.219855             0.52951                   1
          275.164482             0.51482                   1
          277.145613             0.51470                   1
          305.084675             0.51470                   1
          313.056025             0.51484                   1
          323.024228             0.51470                   1
          336.970219             0.51481                   1
