           13.995067             0.64447                   1
           15.976122             0.52733                   1
           51.871060             0.55129                   1
           67.829490             0.70436                   1
           75.816527             0.82906                   1
           83.787909             0.76150                   1
           87.750252             0.63899                   1
           91.712488             0.84464                   1
          105.674276             1.05837                   1
          107.655369             0.80527                   1
          173.470324             0.74025                   1
          179.445029             0.70932                   1
          199.412539             1.04525                   1
          213.358571             0.74676                   1
          225.339172             0.76577                   1
          229.301446             0.65144                   1
          237.288483             0.82413                   1
          245.244333             0.64403                   1
          255.212507             0.66757                   1
          301.106677             0.70799                   1
          327.002122             1.29168                   1
