           25.959991             0.55921                   1
           29.953540             0.74148                   1
           31.934686             1.13628                   1
           49.889865             0.50050                   1
           59.842408             0.93968                   1
           81.791140             0.73428                   1
           89.731348             0.60185                   1
          111.648988             0.65151                   1
          129.589131             0.86279                   1
          135.578750             0.60902                   1
          151.552757             0.72250                   1
          153.533903             0.87728                   1
          157.512176             1.13887                   1
          167.495574             0.65118                   1
          187.432023             0.71410                   1
          239.269653             0.76289                   1
          251.219855             0.56432                   1
          275.164482             0.71501                   1
          277.145613             0.48578                   1
          305.084675             0.64187                   1
          313.056025             0.67027                   1
          323.024228             0.74174                   1
          336.970219             0.84333                   1
