            8.020546             0.51492                   1
           10.017152             0.51476                   1
           41.918433             0.51479                   1
           47.908761             0.51475                   1
           57.861319             0.51476                   1
           85.769063             0.51480                   1
           93.709334             0.51474                   1
           95.690493             0.51471                   1
          117.623558             0.51474                   1
          139.572278             0.51473                   1
          177.463852             0.51469                   1
          203.390464             0.51474                   1
          217.352128             0.51476                   1
          227.320345             0.51478                   1
          241.250817             0.51521                   1
          267.193082             0.51477                   1
          273.183256             0.51489                   1
          285.132668             0.51470                   1
          309.078112             0.51477                   1
          319.046288             0.51484                   1
          330.980060             0.51478                   1
          338.951457             0.51481                   1
