           25.968364             0.77260                   1
           29.951371             0.90138                   1
           31.934496             0.66220                   1
           49.882902             0.86517                   1
           59.832023             0.90767                   1
           81.780069             0.58292                   1
           89.712706             0.85796                   1
          125.592860             1.17654                   1
          129.575842             0.91346                   1
          135.558645             0.73044                   1
          151.523880             0.96462                   1
          153.507037             0.67738                   1
          157.490025             1.21426                   1
          167.455807             1.15212                   1
          239.232784             0.72462                   1
          251.181728             1.36731                   1
          275.112930             0.67525                   1
          277.112748             0.53136                   1
          305.043634             1.11948                   1
          313.009594             1.00126                   1
          322.975377             0.73112                   1
          336.907485             0.61452                   1
