            8.036617             0.49996                   1
           10.019770             0.51662                   1
           41.916949             0.51661                   1
           47.899752             0.51661                   1
           57.848870             0.51661                   1
           85.746382             0.51662                   1
           93.695685             0.51662                   1
           95.678843             0.51662                   1
          117.610226             0.51662                   1
          139.541624             0.51662                   1
          165.472653             0.51662                   1
          177.421595             0.51662                   1
          203.369304             0.51661                   1
          217.318066             0.51662                   1
          227.283849             0.51662                   1
          241.215940             0.51662                   1
          267.146980             0.51661                   1
          273.129785             0.51662                   1
          285.095400             0.51661                   1
          295.077849             0.51661                   1
          309.026612             0.51661                   1
          318.992401             0.51661                   1
          330.924675             0.51662                   1
          338.890634             0.51661                   1
