            8.036617             1.40089                   1
           10.019770             0.68966                   1
           41.916949             0.91138                   1
           47.899752             0.72844                   1
           57.848870             0.72290                   1
           85.746382             1.16038                   1
           93.695685             0.70685                   1
           95.678843             0.63563                   1
          117.610226             0.65549                   1
          139.541624             0.69131                   1
          165.472653             0.85536                   1
          177.421595             0.85003                   1
          203.369304             0.64544                   1
          217.318066             0.69617                   1
          227.283849             0.71403                   1
          241.215940             0.70942                   1
          267.146980             0.75350                   1
          273.129785             0.59448                   1
          285.095400             0.62845                   1
          295.077849             0.71766                   1
          309.026612             0.68839                   1
          318.992401             0.73827                   1
          330.924675             0.67755                   1
          338.890634             0.63132                   1
