           14.002754             0.65860                   1
           15.985916             0.67533                   1
           51.866064             0.59397                   1
           67.814644             0.75679                   1
           75.797277             1.00590                   1
           83.763223             0.66364                   1
           87.729543             0.71323                   1
           91.712526             0.63403                   1
          105.661296             1.13283                   1
          107.644451             0.66157                   1
          173.438614             0.93710                   1
          179.404739             0.79478                   1
          199.386322             0.73253                   1
          207.352283             0.78226                   1
          213.335087             0.71924                   1
          225.300675             0.66527                   1
          229.267005             0.64279                   1
          237.249630             1.08390                   1
          245.198925             0.79032                   1
          255.164704             0.66420                   1
          301.060670             1.39859                   1
          324.958564             0.88383                   1
          326.941690             0.66068                   1
          340.873790             0.86405                   1
