            8.031778             0.67192                   1
           17.999940             0.55944                   1
           31.961566             0.74135                   1
           53.910220             0.46402                   1
           63.863434             0.53005                   1
           65.859632             0.65825                   1
           67.840761             0.54904                   1
          127.649885             0.61007                   1
          139.630395             0.56520                   1
          179.518692             0.57963                   1
          185.493271             0.58890                   1
          219.360179             0.84897                   1
          223.353671             1.08731                   1
          247.268422             0.52390                   1
          261.214091             0.61778                   1
          267.188741             0.66695                   1
          275.160176             0.87919                   1
          301.086780             0.69588                   1
          305.080280             0.60625                   1
          309.042563             0.48384                   1
          323.019884             0.93008                   1
          340.959562             0.60584                   1
