            8.031778             0.51481                   1
           17.999940             0.51473                   1
           31.961566             0.51478                   1
           53.910220             0.51481                   1
           63.863434             0.52989                   1
           65.859632             0.51475                   1
           67.840761             0.51476                   1
          127.649885             0.51529                   1
          139.630395             0.51475                   1
          179.518692             0.51484                   1
          185.493271             0.51484                   1
          219.360179             0.51518                   1
          223.353671             0.51481                   1
          247.268422             0.51533                   1
          261.214091             0.51480                   1
          267.188741             0.51477                   1
          275.160176             0.51478                   1
          301.086780             0.51476                   1
          305.080280             0.51481                   1
          309.042563             0.51483                   1
          323.019884             0.51481                   1
          340.959562             0.51467                   1
