           14.021948             0.50553                   1
           23.974605             0.54458                   1
           41.945357             0.58926                   1
           55.906993             0.57121                   1
           57.888250             0.62994                   1
           85.795945             0.46531                   1
          109.710199             0.99838                   1
          131.643345             1.09657                   1
          147.617381             0.88198                   1
          153.592040             0.69912                   1
          175.540764             0.57371                   1
          181.499821             0.68648                   1
          187.474529             0.73559                   1
          229.328377             0.64851                   1
          231.309525             0.57128                   1
          271.166691             0.73687                   1
          299.105638             0.74907                   1
          307.061472             0.66498                   1
          332.988080             0.58558                   1
