           16.003074             0.51478                   1
           73.831028             0.51466                   1
           79.805688             0.51478                   1
           91.786251             0.51473                   1
           93.767349             0.51479                   1
          103.735580             0.51477                   1
          121.690772             0.51476                   1
          123.671886             0.51480                   1
          155.573644             0.51530                   1
          163.560145             0.51476                   1
          191.452380             0.51477                   1
          195.430236             0.51489                   1
          197.411526             0.51475                   1
          215.382277             0.51479                   1
          225.334821             0.51483                   1
          249.264740             0.51478                   1
          257.236189             0.51478                   1
          263.195214             0.51478                   1
          287.140723             0.51472                   1
          289.121883             0.51474                   1
          331.006913             0.51480                   1
          334.969229             0.51477                   1
