           14.021948             0.51475                   1
           23.974605             0.51468                   1
           41.945357             0.51473                   1
           55.906993             0.51479                   1
           57.888250             0.51468                   1
           85.795945             0.51476                   1
          109.710199             0.51475                   1
          131.643345             0.51474                   1
          147.617381             0.51478                   1
          153.592040             0.51479                   1
          175.540764             0.51474                   1
          181.499821             0.51478                   1
          187.474529             0.51478                   1
          229.328377             0.51474                   1
          231.309525             0.51484                   1
          271.166691             0.51475                   1
          299.105638             0.51476                   1
          307.061472             0.51479                   1
          332.988080             0.51477                   1
