           16.003074             0.51634                   1
           73.831028             0.55862                   1
           79.805688             0.63175                   1
           91.786251             0.63482                   1
           93.767349             0.49366                   1
          103.735580             0.46913                   1
          121.690772             0.64937                   1
          123.671886             0.60420                   1
          155.573644             0.60544                   1
          163.560145             0.68270                   1
          191.452380             0.73361                   1
          195.430236             0.47566                   1
          197.411526             0.67029                   1
          215.382277             0.58702                   1
          225.334821             0.61018                   1
          249.264740             0.59149                   1
          257.236189             0.53194                   1
          263.195214             0.50059                   1
          287.140723             0.78634                   1
          289.121883             0.74914                   1
          331.006913             0.58280                   1
          334.969229             0.64437                   1
