           25.963162             0.51480                   1
           29.956759             0.51479                   1
           31.937978             0.51475                   1
           49.893379             0.51482                   1
           59.846069             0.51479                   1
           81.795046             0.51478                   1
           89.735338             0.51479                   1
          111.653171             0.51479                   1
          125.615016             0.51477                   1
          129.593015             0.51539                   1
          135.583227             0.51487                   1
          151.557558             0.51475                   1
          153.538735             0.51477                   1
          157.516669             0.51484                   1
          167.485283             0.53012                   1
          187.437259             0.51475                   1
          239.275495             0.51479                   1
          251.224876             0.51489                   1
          275.170661             0.51485                   1
          305.091229             0.51476                   1
          313.062778             0.51474                   1
          323.031058             0.51476                   1
