            8.024285             0.52953                   1
           10.020156             0.51482                   1
           41.921873             0.51473                   1
           47.912185             0.51485                   1
           57.864909             0.51479                   1
           85.773017             0.51478                   1
           93.713358             0.51477                   1
           95.694517             0.51478                   1
          117.627925             0.51474                   1
          139.562229             0.52941                   1
          165.503815             0.51480                   1
          177.468879             0.51480                   1
          203.395846             0.51475                   1
          217.357702             0.51482                   1
          227.325943             0.51484                   1
          241.256631             0.51477                   1
          267.199188             0.51477                   1
          273.189584             0.51474                   1
          285.139032             0.51477                   1
          295.122960             0.51473                   1
          309.069886             0.52968                   1
          319.053079             0.51474                   1
          330.986990             0.51470                   1
          338.958411             0.51486                   1
