           13.998157             0.51479                   1
           15.979296             0.51476                   1
           51.874613             0.51474                   1
           75.820320             0.51480                   1
           83.791835             0.51483                   1
           87.754245             0.51476                   1
           91.716533             0.51496                   1
          105.678452             0.51478                   1
          173.475333             0.51481                   1
          179.450119             0.51475                   1
          199.417906             0.51476                   1
          207.389393             0.51478                   1
          213.364083             0.51488                   1
          225.344773             0.51484                   1
          229.307190             0.51478                   1
          237.294301             0.51474                   1
          245.250190             0.51481                   1
          255.218522             0.51479                   1
          301.113275             0.51476                   1
          325.012245             0.51475                   1
          326.993377             0.51500                   1
          340.939622             0.51477                   1
