           27.961024             0.51478                   1
           83.839023             0.51474                   1
           93.822796             0.51482                   1
          103.791011             0.51474                   1
          137.642656             0.52994                   1
          141.635792             0.51471                   1
          157.578563             0.51480                   1
          165.534494             0.51472                   1
          181.461634             0.51479                   1
          187.451894             0.51485                   1
          191.414174             0.51482                   1
          211.366200             0.51474                   1
          215.344069             0.51481                   1
          229.306699             0.52945                   1
          235.296033             0.51478                   1
          239.289543             0.51479                   1
          247.245688             0.51521                   1
          255.232354             0.51481                   1
          261.207069             0.51480                   1
          281.127822             0.51477                   1
          295.105097             0.51483                   1
          311.032341             0.51482                   1
          317.007049             0.51474                   1
