            8.024811             0.51482                   1
           13.999324             0.51482                   1
           21.986363             0.51478                   1
           35.932839             0.51528                   1
           37.929222             0.51469                   1
           71.842879             0.51470                   1
           97.800684             0.51477                   1
          107.753289             0.51478                   1
          111.731154             0.51485                   1
          117.705831             0.51479                   1
          131.667508             0.51485                   1
          159.559672             0.51486                   1
          163.537628             0.51476                   1
          167.515526             0.51478                   1
          179.480487             0.51476                   1
          189.433062             0.51477                   1
          205.391520             0.51482                   1
          257.229172             0.51480                   1
          265.184965             0.51491                   1
          279.146645             0.51486                   1
          303.076591             0.51472                   1
          313.029165             0.51471                   1
          336.943443             0.51476                   1
