           10.021439             0.51478                   1
           23.967548             0.51478                   1
           45.916322             0.51471                   1
           55.900029             0.51476                   1
           57.881179             0.51473                   1
           65.868245             0.51468                   1
          105.772197             0.51472                   1
          109.734439             0.51507                   1
          121.699328             0.51483                   1
          129.686390             0.51477                   1
          147.625967             0.51480                   1
          155.581759             0.51508                   1
          177.499328             0.51474                   1
          201.398327             0.51519                   1
          217.325262             0.51479                   1
          241.270722             0.51480                   1
          273.171931             0.51477                   1
          293.108348             0.51513                   1
          297.086311             0.51469                   1
          307.054513             0.51477                   1
          322.997355             0.51475                   1
          326.975208             0.51476                   1
          334.962241             0.51476                   1
