            8.024614             0.51496                   1
           10.021334             0.51477                   1
           41.922864             0.51481                   1
           47.913170             0.51480                   1
           57.865888             0.51475                   1
           85.773935             0.51473                   1
           93.714192             0.51480                   1
           95.695374             0.51478                   1
          117.628693             0.51477                   1
          139.562563             0.52981                   1
          165.504481             0.51473                   1
          177.454856             0.52938                   1
          203.396381             0.51472                   1
          227.326441             0.51475                   1
          241.257049             0.51476                   1
          267.199492             0.51485                   1
          285.139318             0.51474                   1
          295.123145             0.51478                   1
          309.070166             0.52957                   1
          338.958576             0.51477                   1
