           49.894361             0.51481                   1
           81.795910             0.51484                   1
           89.736258             0.51475                   1
          187.437764             0.51484                   1
          239.275912             0.51477                   1
          313.062867             0.51485                   1
           15.980432             0.51477                   1
          105.679278             0.51469                   1
          229.307611             0.51479                   1
          237.294675             0.51482                   1
          255.218854             0.51483                   1
          301.113513             0.51471                   1
          325.012336             0.51481                   1
          340.939789             0.51474                   1
          217.358185             0.51480                   1
          273.189825             0.51482                   1
          319.053262             0.51476                   1
