           25.964288             0.51475                   1
           29.957862             0.51478                   1
           31.939051             0.51474                   1
           59.847051             0.51480                   1
          111.653959             0.51479                   1
          125.615777             0.51476                   1
          129.593675             0.51508                   1
          135.584029             0.51481                   1
          151.558207             0.51480                   1
          153.539429             0.51470                   1
          157.517327             0.51473                   1
          167.485652             0.51538                   1
          251.225338             0.51477                   1
          275.171021             0.51480                   1
          277.152208             0.51477                   1
          305.091437             0.51477                   1
          323.031188             0.51475                   1
          336.962395             0.52979                   1
