           13.999239             0.51478                   1
           51.875553             0.51480                   1
           67.834116             0.51482                   1
           75.821257             0.51475                   1
           83.778060             0.52944                   1
           87.755056             0.51476                   1
           91.717364             0.51479                   1
          107.660416             0.51469                   1
          173.475948             0.51478                   1
          179.450674             0.51485                   1
          199.418380             0.51484                   1
          207.389887             0.51480                   1
          213.364632             0.51472                   1
          225.345284             0.51477                   1
          245.250526             0.51489                   1
          326.993514             0.51509                   1
