            8.022113             0.51662                   1
           19.971106             0.51660                   1
           25.953938             0.51659                   1
           27.937054             0.51665                   1
           49.885194             0.51661                   1
           61.850821             0.51662                   1
           71.816636             0.51662                   1
           81.799107             0.51663                   1
          132.111466             0.51663                   1
          148.060096             0.51662                   1
          165.991894             0.51662                   1
          183.940353             0.51659                   1
          185.923500             0.51665                   1
          209.854791             0.51662                   1
          215.820944             0.51662                   1
          253.717692             0.51662                   1
          273.649324             0.51660                   1
          289.581298             0.51661                   1
          309.512903             0.51662                   1
          319.478733             0.51660                   1
          325.828227             0.51657                   1
