           39.919379             0.58324                   1
           94.231372             0.55751                   1
           96.214527             0.67030                   1
          102.197370             0.53526                   1
          116.179493             0.92866                   1
          128.128471             0.63531                   1
          140.094130             0.51728                   1
          177.957536             0.84467                   1
          211.837985             0.46711                   1
          219.803955             0.65285                   1
          259.683846             0.69968                   1
          267.666494             0.88475                   1
          275.632468             0.59055                   1
          283.598470             1.06431                   1
          285.598287             1.07240                   1
          297.563950             0.57834                   1
          299.547103             0.65914                   1
          307.529780             0.75619                   1
          317.495555             0.83811                   1
          321.461879             0.60765                   1
          339.793656             0.75528                   1
