           39.919379             0.51661                   1
           94.231372             0.51663                   1
           96.214527             0.51663                   1
          102.197370             0.51661                   1
          116.179493             0.51665                   1
          128.128471             0.51665                   1
          140.094130             0.51660                   1
          177.957536             0.51660                   1
          211.837985             0.51659                   1
          219.803955             0.51660                   1
          259.683846             0.51662                   1
          267.666494             0.51662                   1
          275.632468             0.51663                   1
          283.598470             0.51660                   1
          285.598287             0.51662                   1
          297.563950             0.51659                   1
          299.547103             0.51660                   1
          307.529780             0.51658                   1
          317.495555             0.51662                   1
          321.461879             0.51662                   1
          339.793656             0.51660                   1
