            8.022113             0.89754                   1
           19.971106             0.89216                   1
           25.953938             0.51690                   1
           27.937054             0.42995                   1
           49.885194             0.45708                   1
           61.850821             0.68311                   1
           71.816636             0.63695                   1
           81.799107             0.54218                   1
          132.111466             0.69221                   1
          148.060096             0.67105                   1
          165.991894             0.58664                   1
          183.940353             0.82964                   1
          185.923500             0.68642                   1
          209.854791             0.67435                   1
          215.820944             0.53200                   1
          253.717692             0.55405                   1
          273.649324             0.57378                   1
          289.581298             0.46526                   1
          309.512903             0.61304                   1
          319.478733             0.43888                   1
          325.828227             0.48914                   1
