           12.005104             0.51662                   1
           15.988097             0.51662                   1
           51.868339             0.51663                   1
           63.833989             0.51662                   1
           89.765098             0.51664                   1
           92.248273             0.51657                   1
          114.196337             0.51662                   1
          124.145480             0.51662                   1
          144.077103             0.51662                   1
          154.042926             0.51661                   1
          191.906324             0.51662                   1
          195.889321             0.51664                   1
          229.786417             0.51662                   1
          235.769254             0.51660                   1
          241.752052             0.51662                   1
          249.734703             0.51662                   1
          257.700684             0.51662                   1
          277.615649             0.51660                   1
          323.445048             0.51662                   1
          329.811156             0.51664                   1
          337.793816             0.51661                   1
