           12.005104             0.52247                   1
           15.988097             0.41930                   1
           51.868339             0.56190                   1
           63.833989             0.86789                   1
           89.765098             0.46395                   1
           92.248273             0.63667                   1
          114.196337             0.65593                   1
          124.145480             0.54643                   1
          144.077103             0.66215                   1
          154.042926             0.60005                   1
          191.906324             0.62339                   1
          195.889321             0.71227                   1
          229.786417             0.55010                   1
          235.769254             0.69506                   1
          241.752052             0.61607                   1
          249.734703             0.71314                   1
          257.700684             0.51675                   1
          277.615649             0.80729                   1
          323.445048             0.32844                   1
          329.811156             0.79413                   1
          337.793816             0.52320                   1
