           39.929555             0.51662                   1
           87.792394             0.51662                   1
           93.741916             0.51662                   1
           95.725086             0.51664                   1
          101.707954             0.51662                   1
          115.673501             0.51662                   1
          127.622552             0.51662                   1
          139.588255             0.51663                   1
          159.520006             0.51662                   1
          177.468582             0.51661                   1
          193.400630             0.51662                   1
          211.332543             0.51662                   1
          259.195378             0.51662                   1
          267.178075             0.51662                   1
          275.144106             0.51662                   1
          283.110135             0.51661                   1
          285.093298             0.51663                   1
          297.059022             0.51662                   1
          299.042194             0.51662                   1
          307.024895             0.51662                   1
          320.957102             0.51663                   1
          338.889010             0.51662                   1
