            8.032094             1.09559                   1
           19.981154             0.88221                   1
           25.964017             0.97919                   1
           27.947190             0.89199                   1
           49.895409             1.04717                   1
           61.861124             1.16113                   1
           71.827001             0.75501                   1
           81.809540             1.30020                   1
          119.656521             1.17222                   1
          131.605572             1.00688                   1
          147.554277             0.84973                   1
          155.536974             1.37089                   1
          165.502866             1.26867                   1
          183.451430             0.93563                   1
          185.434602             0.72842                   1
          215.315531             0.86271                   1
          253.229190             0.82005                   1
          289.076328             0.90798                   1
          309.008070             1.12768                   1
          318.973932             1.05757                   1
          324.923458             0.84389                   1
