           15.998126             0.51662                   1
           51.878580             0.51663                   1
           63.844308             0.51662                   1
           69.843828             0.51662                   1
           89.775569             0.51662                   1
           91.758741             0.51663                   1
          113.690331             0.51662                   1
          123.639533             0.51662                   1
          143.571267             0.51662                   1
          153.537133             0.51662                   1
          167.486032             0.51662                   1
          191.417460             0.51662                   1
          195.383810             0.51662                   1
          229.281095             0.51664                   1
          235.263950             0.51663                   1
          241.246806             0.51663                   1
          257.212202             0.51662                   1
          277.127276             0.51662                   1
          322.940286             0.51661                   1
          328.906477             0.51662                   1
          336.905843             0.51662                   1
