            8.032094             0.51663                   1
           19.981154             0.51661                   1
           25.964017             0.51660                   1
           27.947190             0.51662                   1
           49.895409             0.51663                   1
           61.861124             0.51662                   1
           71.827001             0.51662                   1
           81.809540             0.51662                   1
          119.656521             0.51662                   1
          131.605572             0.51662                   1
          147.554277             0.51662                   1
          155.536974             0.49996                   1
          165.502866             0.51662                   1
          183.451430             0.51663                   1
          185.434602             0.51662                   1
          215.315531             0.51664                   1
          253.229190             0.51662                   1
          289.076328             0.51662                   1
          309.008070             0.51662                   1
          318.973932             0.51663                   1
          324.923458             0.51662                   1
