           15.998126             0.92932                   1
           51.878580             1.05597                   1
           63.844308             0.80993                   1
           69.843828             0.73025                   1
           89.775569             0.94198                   1
           91.758741             1.18273                   1
          113.690331             0.89057                   1
          123.639533             1.10112                   1
          143.571267             0.88083                   1
          153.537133             0.91472                   1
          167.486032             0.73345                   1
          191.417460             0.84940                   1
          195.383810             0.73096                   1
          229.281095             0.97692                   1
          235.263950             0.92176                   1
          241.246806             1.03474                   1
          257.212202             0.83691                   1
          277.127276             0.73734                   1
          322.940286             0.93914                   1
          328.906477             0.56481                   1
          336.905843             0.74121                   1
