           39.929555             1.30130                   1
           87.792394             1.00519                   1
           93.741916             1.11155                   1
           95.725086             0.84032                   1
          101.707954             0.91326                   1
          115.673501             1.02736                   1
          127.622552             0.89400                   1
          139.588255             1.19997                   1
          159.520006             0.86769                   1
          177.468582             1.21463                   1
          193.400630             0.97817                   1
          211.332543             0.69379                   1
          259.195378             1.04569                   1
          267.178075             1.02280                   1
          275.144106             1.18454                   1
          283.110135             0.89031                   1
          285.093298             0.94707                   1
          297.059022             1.21305                   1
          299.042194             0.90986                   1
          307.024895             1.06293                   1
          320.957102             1.04235                   1
          338.889010             0.74201                   1
