           15.998170             0.51476                   1
           73.811030             0.52965                   1
           79.800557             0.51479                   1
           91.765420             0.51483                   1
           93.762203             0.51472                   1
          103.730361             0.51476                   1
          121.685469             0.51482                   1
          123.666622             0.51477                   1
          155.567779             0.51479                   1
          163.554811             0.51477                   1
          167.548320             0.51477                   1
          191.446941             0.51475                   1
          193.428041             0.51473                   1
          195.424798             0.51485                   1
          197.405983             0.51468                   1
          215.376721             0.51481                   1
          225.329182             0.51488                   1
          249.243462             0.51476                   1
          257.214904             0.51474                   1
          263.189543             0.51472                   1
          287.119314             0.51474                   1
          289.116044             0.51482                   1
          330.985372             0.51473                   1
          334.963318             0.51473                   1
