           14.017015             0.51471                   1
           23.969567             0.51478                   1
           41.940231             0.51488                   1
           45.918689             0.52991                   1
           55.901913             0.51484                   1
           57.883120             0.51474                   1
           85.790780             0.51483                   1
          101.734100             0.51538                   1
          105.711479             0.51481                   1
          109.689425             0.51470                   1
          131.638041             0.51482                   1
          147.596422             0.51476                   1
          153.586708             0.51477                   1
          175.519727             0.51473                   1
          181.494366             0.51479                   1
          187.469036             0.51482                   1
          229.307185             0.51475                   1
          231.288336             0.51494                   1
          237.278588             0.51479                   1
          255.233705             0.51481                   1
          271.160922             0.51474                   1
          299.099836             0.51477                   1
          307.055611             0.51479                   1
          332.966528             0.51480                   1
