            8.027952             0.51487                   1
           23.985953             0.51480                   1
           41.941152             0.51475                   1
           47.915806             0.51478                   1
           93.778828             0.51473                   1
          125.664475             0.51479                   1
          149.609996             0.51479                   1
          159.578153             0.51474                   1
          163.556775             0.52971                   1
          173.524227             0.51478                   1
          193.444981             0.51485                   1
          213.381345             0.51481                   1
          215.362548             0.51472                   1
          221.352799             0.51475                   1
          241.289125             0.51479                   1
          285.155271             0.51483                   1
          293.111209             0.51476                   1
          313.063157             0.51470                   1
          315.044278             0.51478                   1
          321.034550             0.51476                   1
          326.993664             0.51477                   1
