           18.011342             0.51468                   1
           27.979485             0.51478                   1
           53.890776             0.51526                   1
           55.887241             0.51480                   1
           81.814716             0.52955                   1
          103.762585             0.51482                   1
          121.686546             0.51480                   1
          143.635245             0.51488                   1
          147.628850             0.51474                   1
          179.483275             0.51476                   1
          229.339802             0.51478                   1
          235.298869             0.51486                   1
          243.270295             0.51477                   1
          247.248218             0.51478                   1
          251.226072             0.51477                   1
          277.168375             0.51472                   1
          287.136493             0.51478                   1
          297.089057             0.51480                   1
          309.085224             0.51483                   1
          323.015692             0.51479                   1
          338.974164             0.51475                   1
          340.955310             0.51476                   1
