           18.011342             0.60403                   1
           27.979485             0.97957                   1
           53.890776             0.71545                   1
           55.887241             0.60696                   1
           81.814716             0.79064                   1
          103.762585             0.78613                   1
          121.686546             0.64561                   1
          143.635245             0.65623                   1
          147.628850             0.91048                   1
          179.483275             0.65508                   1
          229.339802             0.69304                   1
          235.298869             0.59781                   1
          243.270295             0.81805                   1
          247.248218             0.69605                   1
          251.226072             0.64608                   1
          277.168375             0.90295                   1
          287.136493             0.70256                   1
          297.089057             0.77366                   1
          309.085224             0.79312                   1
          323.015692             1.25419                   1
          338.974164             1.24722                   1
          340.955310             1.08207                   1
