           10.024304             0.51474                   1
           43.922213             0.51487                   1
           65.871091             0.51468                   1
           67.852153             0.51477                   1
           85.807389             0.51478                   1
           91.797622             0.51479                   1
          113.730728             0.51487                   1
          117.693349             0.51542                   1
          131.654748             0.51474                   1
          157.597070             0.51473                   1
          165.552805             0.51477                   1
          167.533990             0.51476                   1
          177.502108             0.51473                   1
          181.480043             0.51482                   1
          189.451436             0.51477                   1
          197.422884             0.51478                   1
          203.397546             0.51487                   1
          231.320932             0.51481                   1
          245.267059             0.51479                   1
          259.213144             0.51478                   1
          261.194223             0.51480                   1
          271.178556             0.51531                   1
          289.118102             0.51538                   1
          324.996942             0.51545                   1
