            8.027952             0.83576                   1
           23.985953             0.94921                   1
           41.941152             0.63347                   1
           47.915806             0.81864                   1
           93.778828             0.90615                   1
          125.664475             0.73156                   1
          149.609996             0.88128                   1
          159.578153             0.68881                   1
          163.556775             0.67807                   1
          173.524227             0.92632                   1
          193.444981             0.81292                   1
          213.381345             1.03592                   1
          215.362548             1.15868                   1
          221.352799             0.86426                   1
          241.289125             0.93530                   1
          285.155271             0.98782                   1
          293.111209             0.63166                   1
          313.063157             0.63109                   1
          315.044278             0.76994                   1
          321.034550             1.34740                   1
          326.993664             0.82817                   1
