           10.024304             0.57531                   1
           43.922213             0.72437                   1
           65.871091             0.58280                   1
           67.852153             0.58566                   1
           85.807389             0.82988                   1
           91.797622             0.69548                   1
          113.730728             0.65766                   1
          117.693349             0.95096                   1
          131.654748             0.66109                   1
          157.597070             0.73398                   1
          165.552805             1.08997                   1
          167.533990             0.77276                   1
          177.502108             0.68433                   1
          181.480043             0.57822                   1
          189.451436             0.69463                   1
          197.422884             0.91490                   1
          203.397546             0.69206                   1
          231.320932             0.78381                   1
          245.267059             0.60533                   1
          259.213144             0.68278                   1
          261.194223             0.66161                   1
          271.178556             0.59701                   1
          289.118102             0.42491                   1
          324.996942             0.64095                   1
