            8.030153             0.84953                   1
           19.984802             0.67850                   1
           25.984722             0.54243                   1
           27.959656             0.75140                   1
           49.924208             0.81822                   1
           61.893917             0.83207                   1
           71.863707             0.89401                   1
           81.843450             0.79395                   1
          119.727547             0.62867                   1
          131.697343             0.80249                   1
          147.651944             0.56744                   1
          155.621794             0.86132                   1
          165.606529             1.06030                   1
          183.556140             0.75013                   1
          185.546149             0.66405                   1
          207.495649             0.68184                   1
          209.480587             0.82491                   1
          215.455498             0.87376                   1
          253.374614             0.52009                   1
          273.329197             0.74227                   1
          289.268854             0.60217                   1
          309.208319             0.63807                   1
          325.147999             0.63395                   1
