           12.015022             0.65657                   1
           15.999977             0.88745                   1
           47.939185             0.76327                   1
           51.909142             0.81721                   1
           63.878836             0.70314                   1
           69.878781             0.75102                   1
           89.818298             0.59489                   1
           91.803319             0.68180                   1
          113.752719             0.73973                   1
          123.712479             0.70763                   1
          143.667086             0.88044                   1
          153.636900             0.60627                   1
          167.591649             0.69109                   1
          191.530989             0.63100                   1
          195.515862             0.63803                   1
          229.435202             0.57362                   1
          235.419987             0.65267                   1
          241.404923             0.57162                   1
          249.389673             0.71453                   1
          257.374554             0.47348                   1
          277.299038             0.58835                   1
          323.163065             0.59491                   1
          329.132942             0.61687                   1
          337.117685             0.59987                   1
