           39.954419             0.50498                   1
           87.828345             0.52004                   1
           93.788168             0.52002                   1
           95.788157             0.50495                   1
          101.773025             0.50495                   1
          115.742682             0.52001                   1
          127.697458             0.51998                   1
          139.677179             0.50997                   1
          159.606715             0.52001                   1
          193.515903             0.52003                   1
          211.470574             0.51993                   1
          219.440341             0.52003                   1
          267.344329             0.50490                   1
          283.283915             0.52004                   1
          285.283885             0.50500                   1
          297.253638             0.50496                   1
          299.238579             0.51998                   1
          317.193147             0.52005                   1
          321.178087             0.50497                   1
