           12.015022             0.51014                   1
           15.999977             0.50989                   1
           47.939185             0.50503                   1
           51.909142             0.52002                   1
           63.878836             0.52008                   1
           69.878781             0.50499                   1
           89.818298             0.52002                   1
           91.803319             0.51993                   1
          113.752719             0.51002                   1
          123.712479             0.52004                   1
          143.667086             0.50493                   1
          153.636900             0.52001                   1
          167.591649             0.50487                   1
          191.530989             0.52006                   1
          195.515862             0.50503                   1
          229.435202             0.50497                   1
          235.419987             0.51997                   1
          241.404923             0.51989                   1
          249.389673             0.52001                   1
          257.374554             0.50492                   1
          277.299038             0.52003                   1
          323.163065             0.50496                   1
          329.132942             0.51000                   1
          337.117685             0.52001                   1
