            8.030153             0.50498                   1
           19.984802             0.52004                   1
           25.984722             0.50502                   1
           27.959656             0.52002                   1
           49.924208             0.52000                   1
           61.893917             0.51992                   1
           71.863707             0.50503                   1
           81.843450             0.50995                   1
          119.727547             0.52008                   1
          131.697343             0.50506                   1
          147.651944             0.52004                   1
          155.621794             0.52003                   1
          165.606529             0.50499                   1
          183.556140             0.52012                   1
          185.546149             0.51996                   1
          207.495649             0.52004                   1
          209.480587             0.50995                   1
          215.455498             0.52001                   1
          253.374614             0.51995                   1
          273.329197             0.51998                   1
          289.268854             0.50493                   1
          309.208319             0.52005                   1
          325.147999             0.50999                   1
