           39.954419             0.80432                   1
           87.828345             1.03286                   1
           93.788168             0.94490                   1
           95.788157             0.69680                   1
          101.773025             0.67178                   1
          115.742682             0.72567                   1
          127.697458             0.63452                   1
          139.677179             0.85446                   1
          159.606715             0.86828                   1
          193.515903             0.75004                   1
          211.470574             0.62680                   1
          219.440341             0.64078                   1
          267.344329             0.68728                   1
          283.283915             0.72323                   1
          285.283885             0.70722                   1
          297.253638             0.73715                   1
          299.238579             0.80806                   1
          317.193147             0.78901                   1
          321.178087             1.09189                   1
