            8.031296             0.68839                   1
           14.005869             0.46559                   1
           21.992850             0.76639                   1
           35.939163             0.76369                   1
           37.935691             0.64706                   1
           71.849376             1.21230                   1
           97.807113             1.03781                   1
          107.759827             0.62874                   1
          111.737675             0.65082                   1
          117.712317             0.65198                   1
          131.674028             0.75382                   1
          159.566264             0.88472                   1
          163.544100             0.98678                   1
          167.522040             0.53668                   1
          189.439663             0.82644                   1
          205.397974             0.77960                   1
          209.375872             0.77758                   1
          257.235651             0.78830                   1
          265.191388             0.66437                   1
          279.153195             0.83009                   1
          303.082953             0.61965                   1
          313.035606             0.94667                   1
          336.949868             0.71168                   1
