           10.027985             0.51474                   1
           45.922719             0.51478                   1
           55.906508             0.51473                   1
           57.887645             0.51479                   1
           65.874663             0.51481                   1
          105.778585             0.51485                   1
          109.740865             0.51512                   1
          121.705830             0.51484                   1
          129.692843             0.51479                   1
          147.632474             0.51476                   1
          153.607135             0.51482                   1
          155.588258             0.51508                   1
          201.404798             0.51526                   1
          217.331744             0.51480                   1
          241.277221             0.51480                   1
          273.178451             0.51483                   1
          293.114782             0.51524                   1
          297.092783             0.51472                   1
          326.981685             0.51474                   1
          334.968721             0.51480                   1
