            8.031296             0.51483                   1
           14.005869             0.51477                   1
           21.992850             0.51476                   1
           35.939163             0.51527                   1
           37.935691             0.51484                   1
           71.849376             0.51473                   1
           97.807113             0.51482                   1
          107.759827             0.51473                   1
          111.737675             0.51479                   1
          117.712317             0.51475                   1
          131.674028             0.51477                   1
          159.566264             0.51467                   1
          163.544100             0.51476                   1
          167.522040             0.51479                   1
          189.439663             0.51466                   1
          205.397974             0.51478                   1
          209.375872             0.51476                   1
          257.235651             0.51477                   1
          265.191388             0.51501                   1
          279.153195             0.51477                   1
          303.082953             0.51484                   1
          313.035606             0.51480                   1
          336.949868             0.51475                   1
