           27.967537             0.65553                   1
           83.845468             0.75989                   1
           93.829256             0.75175                   1
          103.797478             1.11124                   1
          137.649164             0.73852                   1
          141.642188             0.70534                   1
          157.585062             0.82607                   1
          165.540876             0.64591                   1
          181.468093             0.59021                   1
          187.458447             0.67169                   1
          191.420636             0.73335                   1
          211.372684             0.74070                   1
          215.350591             0.62670                   1
          229.313242             0.84758                   1
          235.302564             0.77004                   1
          239.296031             0.98449                   1
          255.238868             0.80916                   1
          261.213530             0.69037                   1
          277.172000             0.65937                   1
          281.134344             0.68088                   1
          295.111540             0.72729                   1
          311.038823             1.29542                   1
          317.013495             0.42466                   1
