           10.027985             0.41165                   1
           45.922719             0.69980                   1
           55.906508             0.64370                   1
           57.887645             0.73447                   1
           65.874663             0.57923                   1
          105.778585             0.87409                   1
          109.740865             0.45564                   1
          121.705830             0.57829                   1
          129.692843             0.82305                   1
          147.632474             0.78688                   1
          153.607135             0.71602                   1
          155.588258             0.72686                   1
          201.404798             0.94885                   1
          217.331744             0.70143                   1
          241.277221             0.65930                   1
          273.178451             0.90901                   1
          293.114782             0.83609                   1
          297.092783             0.64998                   1
          326.981685             0.84019                   1
          334.968721             0.92484                   1
