           27.967537             0.51476                   1
           83.845468             0.51481                   1
           93.829256             0.51478                   1
          103.797478             0.51476                   1
          137.649164             0.51526                   1
          141.642188             0.51479                   1
          157.585062             0.51475                   1
          165.540876             0.51473                   1
          181.468093             0.51481                   1
          187.458447             0.51474                   1
          191.420636             0.51481                   1
          211.372684             0.51477                   1
          215.350591             0.51475                   1
          229.313242             0.52940                   1
          235.302564             0.51480                   1
          239.296031             0.51478                   1
          255.238868             0.51482                   1
          261.213530             0.51480                   1
          277.172000             0.51485                   1
          281.134344             0.51476                   1
          295.111540             0.51485                   1
          311.038823             0.51483                   1
          317.013495             0.51473                   1
