            8.020608             0.51504                   1
           10.017211             0.51481                   1
           41.918872             0.51477                   1
           47.909217             0.51480                   1
           57.861891             0.51482                   1
           85.770019             0.51484                   1
           93.710356             0.51480                   1
           95.691472             0.51488                   1
          117.625000             0.51471                   1
          139.558357             0.51540                   1
          165.500899             0.51472                   1
          177.450621             0.51544                   1
          203.392847             0.51482                   1
          217.354757             0.51478                   1
          227.323037             0.51479                   1
          241.253669             0.51480                   1
          267.196175             0.51480                   1
          273.186593             0.51478                   1
          285.136066             0.51480                   1
          295.119966             0.51478                   1
          309.066176             0.51525                   1
          319.035246             0.52967                   1
          330.983984             0.51479                   1
          338.955548             0.51474                   1
