           13.995280             0.51473                   1
           15.976330             0.51480                   1
           51.871628             0.51470                   1
           67.830259             0.51474                   1
           75.817349             0.51480                   1
           83.773758             0.52991                   1
           87.751294             0.51472                   1
           91.713507             0.51484                   1
          105.675478             0.51473                   1
          107.656632             0.51479                   1
          173.472331             0.51484                   1
          199.414923             0.51477                   1
          207.386451             0.51477                   1
          225.341880             0.51477                   1
          229.304220             0.51483                   1
          237.291336             0.51476                   1
          245.247208             0.51483                   1
          255.215658             0.51466                   1
          301.110220             0.51483                   1
          325.009282             0.51478                   1
          326.990392             0.51479                   1
          340.936668             0.51486                   1
