           25.960211             0.51477                   1
           29.953849             0.51473                   1
           31.934983             0.51472                   1
           49.890392             0.51474                   1
           59.843104             0.51472                   1
           81.792041             0.51488                   1
           89.732380             0.51480                   1
          111.635278             0.52978                   1
          125.612046             0.51479                   1
          129.589972             0.51478                   1
          135.580331             0.51472                   1
          151.554641             0.51476                   1
          153.535743             0.51481                   1
          157.513653             0.51485                   1
          167.481970             0.51481                   1
          187.434218             0.51479                   1
          239.272474             0.51479                   1
          251.221970             0.51480                   1
          275.167781             0.51473                   1
          277.149001             0.51475                   1
          305.088256             0.51479                   1
          313.059821             0.51474                   1
          323.028096             0.51479                   1
          336.958762             0.51495                   1
