           23.988676             0.52004                   1
           33.968417             0.50507                   1
           41.953196             0.51504                   1
           47.923089             0.51996                   1
           93.807065             0.51496                   1
          115.751691             0.51984                   1
          149.670857             0.50496                   1
          159.640649             0.51497                   1
          163.620527             0.51996                   1
          193.529826             0.50503                   1
          215.464392             0.50489                   1
          221.449178             0.50494                   1
          241.398763             0.50500                   1
          285.267854             0.51985                   1
          313.202194             0.50493                   1
          315.187067             0.50496                   1
          321.171901             0.50505                   1
          327.126814             0.52001                   1
