           23.988676             0.53053                   1
           33.968417             0.91053                   1
           41.953196             0.69344                   1
           47.923089             0.58738                   1
           93.807065             0.89395                   1
          115.751691             0.61268                   1
          149.670857             0.72444                   1
          159.640649             0.84232                   1
          163.620527             0.83832                   1
          193.529826             0.84010                   1
          215.464392             0.76886                   1
          221.449178             0.83993                   1
          241.398763             0.73768                   1
          285.267854             0.92323                   1
          313.202194             0.60408                   1
          315.187067             0.61913                   1
          321.171901             1.34606                   1
          327.126814             0.97495                   1
