           10.019020             0.51010                   1
           43.938242             0.56438                   1
           65.887738             0.58215                   1
           67.872661             0.50116                   1
           85.837225             0.65605                   1
           91.817107             0.61199                   1
          113.766613             0.64578                   1
          117.741491             0.52017                   1
          131.706232             0.80159                   1
          157.650697             0.64837                   1
          165.610398             0.56041                   1
          167.595473             0.71925                   1
          177.575170             0.72324                   1
          181.545077             0.56121                   1
          189.529973             0.60008                   1
          197.514775             0.62301                   1
          203.484648             0.64498                   1
          231.413962             0.73080                   1
          245.368669             0.67167                   1
          259.323366             0.59656                   1
          261.308344             0.74746                   1
          271.303141             0.60843                   1
          289.252681             0.77826                   1
          325.141898             0.47202                   1
