           10.019020             0.50998                   1
           43.938242             0.51997                   1
           65.887738             0.51996                   1
           67.872661             0.51999                   1
           85.837225             0.52003                   1
           91.817107             0.52000                   1
          113.766613             0.51996                   1
          117.741491             0.52005                   1
          131.706232             0.52008                   1
          157.650697             0.50991                   1
          165.610398             0.52002                   1
          167.595473             0.51998                   1
          177.575170             0.52007                   1
          181.545077             0.52001                   1
          189.529973             0.51993                   1
          197.514775             0.50494                   1
          203.484648             0.51993                   1
          231.413962             0.52004                   1
          245.368669             0.50496                   1
          259.323366             0.51993                   1
          261.308344             0.51995                   1
          271.303141             0.50489                   1
          289.252681             0.50497                   1
          325.141898             0.51988                   1
