           18.003794             0.55558                   1
           53.917963             0.69633                   1
           55.903023             0.71117                   1
           73.867533             0.67412                   1
           81.852327             1.04109                   1
          109.781678             0.74284                   1
          121.726491             0.49366                   1
          143.685954             0.84550                   1
          147.685890             0.54146                   1
          179.560161             0.77819                   1
          229.429062             0.75576                   1
          235.398876             0.52985                   1
          243.383781             0.70461                   1
          247.353637             0.46267                   1
          251.338523             0.53368                   1
          277.282910             0.63650                   1
          287.267729             0.61135                   1
          297.222591             0.52020                   1
          309.202371             0.72406                   1
          323.156933             0.47303                   1
          339.121522             0.66793                   1
          341.106438             0.79497                   1
