            8.021922             0.51481                   1
           19.986747             0.51472                   1
           25.961401             0.51477                   1
           27.958123             0.51473                   1
           49.906780             0.51483                   1
           61.871692             0.51474                   1
           71.824212             0.51476                   1
           81.808067             0.51493                   1
          119.683834             0.51478                   1
          131.633130             0.51475                   1
          147.591507             0.51474                   1
          155.562952             0.51473                   1
          165.531068             0.51476                   1
          183.486194             0.51481                   1
          185.467356             0.51475                   1
          207.400413             0.51480                   1
          209.381531             0.51475                   1
          215.356164             0.51481                   1
          253.263254             0.51475                   1
          273.199507             0.51476                   1
          309.063013             0.51481                   1
          319.031162             0.51475                   1
          324.990233             0.51478                   1
