           12.015339             0.51476                   1
           15.993212             0.51477                   1
           47.925614             0.51483                   1
           51.887941             0.51475                   1
           63.853514             0.52971                   1
           69.843095             0.51471                   1
           89.779376             0.51479                   1
           91.776160             0.51474                   1
          113.709213             0.51470                   1
          123.661664             0.51487                   1
          143.598013             0.51480                   1
          153.566139             0.51476                   1
          167.512205             0.51483                   1
          191.441909             0.51503                   1
          195.419895             0.51477                   1
          229.333469             0.51474                   1
          235.308057             0.51478                   1
          241.298344             0.51481                   1
          249.285364             0.51477                   1
          257.256746             0.51476                   1
          277.177409             0.51482                   1
          323.009097             0.51466                   1
          328.968606             0.51526                   1
          336.955150             0.51473                   1
