           39.938647             0.51476                   1
           87.798235             0.51472                   1
           93.757298             0.51476                   1
           95.738420             0.51472                   1
          101.728662             0.51480                   1
          127.639908             0.51526                   1
          139.620106             0.51473                   1
          159.540819             0.51478                   1
          177.495953             0.51477                   1
          193.438771             0.51469                   1
          211.378196             0.51488                   1
          219.334812             0.52968                   1
          259.237888             0.51472                   1
          267.224894             0.51471                   1
          275.196261             0.51479                   1
          283.152096             0.51490                   1
          285.148836             0.51479                   1
          297.113720             0.51479                   1
          299.094882             0.51478                   1
          307.081878             0.51477                   1
          317.050035             0.51471                   1
          321.027876             0.51483                   1
          338.951892             0.51483                   1
