           10.015338             0.52841                   1
           23.980919             0.65046                   1
           45.912555             0.66230                   1
           55.895140             0.71149                   1
           57.878291             0.86431                   1
           65.861022             0.81738                   1
          105.757921             0.83154                   1
          109.724281             0.74510                   1
          121.690035             0.80305                   1
          129.672733             0.63617                   1
          153.587568             0.71280                   1
          155.570745             0.68955                   1
          177.469055             0.71875                   1
          201.367207             0.91605                   1
          217.299303             0.66358                   1
          241.230784             0.75557                   1
          273.128311             0.71330                   1
          297.043134             0.54192                   1
          307.009032             0.58376                   1
          322.941135             0.58732                   1
          326.924159             0.76420                   1
          334.906876             0.83729                   1
