           10.015338             0.51661                   1
           23.980919             0.51662                   1
           45.912555             0.51663                   1
           55.895140             0.51661                   1
           57.878291             0.51664                   1
           65.861022             0.51662                   1
          105.757921             0.51663                   1
          109.724281             0.51663                   1
          121.690035             0.51663                   1
          129.672733             0.51664                   1
          153.587568             0.51662                   1
          155.570745             0.51662                   1
          177.469055             0.51662                   1
          201.367207             0.51662                   1
          217.299303             0.51662                   1
          241.230784             0.51663                   1
          273.128311             0.51663                   1
          297.043134             0.51662                   1
          307.009032             0.51662                   1
          322.941135             0.51662                   1
          326.924159             0.51662                   1
          334.906876             0.51662                   1
