           27.963966             0.78730                   1
           83.826300             0.85170                   1
          103.774745             0.71877                   1
          137.638793             1.12595                   1
          141.621823             0.77480                   1
          157.553924             0.66636                   1
          165.503316             1.46875                   1
          181.435411             0.92829                   1
          187.418275             0.80929                   1
          191.384629             0.65885                   1
          211.333099             0.58996                   1
          215.316125             0.61482                   1
          229.281712             0.98486                   1
          235.264599             0.67389                   1
          239.247609             0.73880                   1
          255.196404             1.26958                   1
          261.162581             0.79130                   1
          277.111336             0.65815                   1
          281.077691             0.69173                   1
          295.059957             0.54113                   1
          310.992057             0.49667                   1
          316.958254             0.58632                   1
