            8.032155             0.66361                   1
           13.998359             0.63326                   1
           21.997745             0.56966                   1
           35.946670             0.94842                   1
           37.929843             0.70927                   1
           71.843893             0.93838                   1
           97.791873             0.77380                   1
          107.741086             1.17635                   1
          111.707473             0.72987                   1
          117.707011             0.76218                   1
          131.655929             0.72495                   1
          159.537113             0.93913                   1
          163.520131             0.81200                   1
          167.486487             0.59757                   1
          179.452228             0.74352                   1
          189.401452             0.73009                   1
          205.366895             0.83625                   1
          209.349920             0.78915                   1
          257.179543             0.66243                   1
          265.145603             0.72019                   1
          279.094515             0.65896                   1
          303.026007             0.62289                   1
          312.975235             0.72944                   1
          336.890050             0.63005                   1
