            8.032155             0.51662                   1
           13.998359             0.51663                   1
           21.997745             0.51661                   1
           35.946670             0.51662                   1
           37.929843             0.51663                   1
           71.843893             0.51662                   1
           97.791873             0.51665                   1
          107.741086             0.51665                   1
          111.707473             0.51661                   1
          117.707011             0.51662                   1
          131.655929             0.51662                   1
          159.537113             0.51662                   1
          163.520131             0.51662                   1
          167.486487             0.51663                   1
          179.452228             0.51663                   1
          189.401452             0.51662                   1
          205.366895             0.49996                   1
          209.349920             0.51662                   1
          257.179543             0.51664                   1
          265.145603             0.51662                   1
          279.094515             0.51662                   1
          303.026007             0.51662                   1
          312.975235             0.51662                   1
          336.890050             0.51663                   1
