           45.896001             0.51491                   1
           57.861156             0.51470                   1
           67.829380             0.51476                   1
           81.759982             0.51517                   1
           83.756745             0.51479                   1
           99.699723             0.51479                   1
          125.579766             0.51481                   1
          129.573380             0.51474                   1
          137.560476             0.51479                   1
          149.525481             0.51484                   1
          165.499652             0.51485                   1
          207.385169             0.51474                   1
          235.324332             0.51482                   1
          267.225924             0.51510                   1
          285.150122             0.51475                   1
          291.124817             0.51484                   1
          293.106000             0.51482                   1
          299.080703             0.51482                   1
          309.048967             0.51483                   1
          315.023746             0.51477                   1
          322.995190             0.51484                   1
          338.953779             0.51481                   1
          340.935761             0.52957                   1
