           14.010093             0.51472                   1
           23.962748             0.51479                   1
           29.953066             0.51477                   1
           79.778814             0.51477                   1
           89.715857             0.51477                   1
          111.664780             0.51479                   1
          113.645882             0.51482                   1
          123.598618             0.51479                   1
          145.531933             0.51474                   1
          179.461434             0.51482                   1
          185.451846             0.51474                   1
          189.429788             0.51477                   1
          191.410963             0.51473                   1
          219.365810             0.51474                   1
          225.356079             0.51481                   1
          241.314633             0.51485                   1
          251.298592             0.51477                   1
          259.254504             0.51471                   1
          273.216284             0.51479                   1
          279.191026             0.51471                   1
          295.102772             0.51478                   1
          313.027321             0.51529                   1
