            8.019909             0.51480                   1
           15.991230             0.51482                   1
           17.988034             0.51474                   1
           31.934250             0.51471                   1
           39.921301             0.51483                   1
           43.899198             0.51484                   1
           47.877235             0.51480                   1
           69.810513             0.51480                   1
           77.797643             0.51479                   1
           85.737909             0.51483                   1
          103.693300             0.51479                   1
          115.627119             0.51484                   1
          121.617446             0.51478                   1
          157.512553             0.51483                   1
          167.480876             0.51476                   1
          233.343209             0.51471                   1
          255.276523             0.51474                   1
          257.257709             0.51477                   1
          275.197424             0.51481                   1
          289.143639             0.51481                   1
          305.071038             0.51484                   1
          320.998428             0.51476                   1
          332.979067             0.51476                   1
