           27.962888             1.00440                   1
           83.825206             1.14079                   1
           93.807764             1.13400                   1
          103.773669             1.13585                   1
          137.637724             0.86301                   1
          141.620749             1.10387                   1
          157.552856             1.02738                   1
          165.502247             1.15784                   1
          181.434341             1.12143                   1
          187.417225             0.93838                   1
          191.400238             1.09125                   1
          211.332049             1.16696                   1
          215.315135             1.04776                   1
          229.280672             1.12994                   1
          235.263543             1.09092                   1
          247.212624             1.17354                   1
          255.195344             1.03866                   1
          261.161548             1.09634                   1
          277.110318             1.12317                   1
          281.093343             1.21205                   1
          295.058927             1.07813                   1
          310.991044             1.00963                   1
          316.957253             1.01929                   1
