            8.031053             0.51661                   1
           14.013913             0.51662                   1
           21.996635             0.51662                   1
           35.945557             0.51662                   1
           37.928757             0.51660                   1
           71.842791             0.51663                   1
           97.790783             0.51663                   1
          107.740018             0.51663                   1
          111.723050             0.51662                   1
          117.705926             0.51662                   1
          131.654850             0.51662                   1
          159.536036             0.51662                   1
          163.519061             0.51662                   1
          167.485420             0.51662                   1
          179.451163             0.51665                   1
          189.400407             0.51662                   1
          205.365856             0.51661                   1
          209.348854             0.51664                   1
          257.178521             0.51664                   1
          265.144576             0.51662                   1
          279.093503             0.51662                   1
          303.024992             0.51662                   1
          312.974223             0.51662                   1
          336.889050             0.51664                   1
