            8.031053             1.04870                   1
           14.013913             0.99370                   1
           21.996635             1.02679                   1
           35.945557             1.14154                   1
           37.928757             1.03830                   1
           71.842791             1.01151                   1
           97.790783             1.01486                   1
          107.740018             0.74540                   1
          111.723050             0.89033                   1
          117.705926             1.01928                   1
          131.654850             0.99002                   1
          159.536036             1.11622                   1
          163.519061             1.04505                   1
          167.485420             1.03059                   1
          179.451163             1.11257                   1
          189.400407             1.11514                   1
          205.365856             1.31729                   1
          209.348854             1.11820                   1
          257.178521             1.23942                   1
          265.144576             1.42516                   1
          279.093503             1.25191                   1
          303.024992             1.11189                   1
          312.974223             1.18644                   1
          336.889050             1.23902                   1
