           10.014220             0.51662                   1
           23.979828             0.51660                   1
           45.911455             0.51662                   1
           55.894020             0.51663                   1
           57.877198             0.51663                   1
           65.859918             0.51662                   1
          105.756876             0.51659                   1
          109.739874             0.49995                   1
          121.688955             0.51660                   1
          129.671670             0.51662                   1
          147.603627             0.51660                   1
          153.586494             0.51662                   1
          155.569675             0.51662                   1
          177.467987             0.51662                   1
          201.382819             0.51662                   1
          217.298262             0.51662                   1
          241.229751             0.51662                   1
          273.127296             0.51662                   1
          293.075757             0.51662                   1
          297.042116             0.51663                   1
          307.008017             0.51662                   1
          322.940126             0.51662                   1
          326.923149             0.51663                   1
          334.905874             0.51662                   1
