           27.962888             0.51658                   1
           83.825206             0.51662                   1
           93.807764             0.51663                   1
          103.773669             0.51662                   1
          137.637724             0.51662                   1
          141.620749             0.51663                   1
          157.552856             0.51662                   1
          165.502247             0.51661                   1
          181.434341             0.51663                   1
          187.417225             0.51662                   1
          191.400238             0.51680                   1
          211.332049             0.51663                   1
          215.315135             0.51657                   1
          229.280672             0.51662                   1
          235.263543             0.51662                   1
          247.212624             0.51662                   1
          255.195344             0.51662                   1
          261.161548             0.51663                   1
          277.110318             0.51664                   1
          281.093343             0.51663                   1
          295.058927             0.51663                   1
          310.991044             0.51662                   1
          316.957253             0.51663                   1
