           10.017164             0.59844                   1
           23.963202             0.64399                   1
           45.911939             0.61455                   1
           55.895745             0.83041                   1
           57.876872             0.68926                   1
           65.863876             0.60599                   1
          105.767811             0.73285                   1
          109.730090             0.61041                   1
          121.695047             0.96509                   1
          129.667382             0.64052                   1
          147.606038             0.73332                   1
          153.596250             0.64691                   1
          155.577459             0.69763                   1
          177.494979             1.09142                   1
          201.393624             0.73604                   1
          217.320940             0.59226                   1
          241.266392             0.69406                   1
          273.167729             0.89570                   1
          293.104038             0.63885                   1
          297.081999             0.70879                   1
          307.050131             0.66832                   1
          322.992975             0.70099                   1
          326.970879             0.61095                   1
          334.957889             0.78368                   1
