           10.017164             0.51479                   1
           23.963202             0.51484                   1
           45.911939             0.51476                   1
           55.895745             0.51477                   1
           57.876872             0.51476                   1
           65.863876             0.51478                   1
          105.767811             0.51477                   1
          109.730090             0.51483                   1
          121.695047             0.51479                   1
          129.667382             0.52948                   1
          147.606038             0.51534                   1
          153.596250             0.51487                   1
          155.577459             0.51481                   1
          177.494979             0.51479                   1
          201.393624             0.51476                   1
          217.320940             0.51478                   1
          241.266392             0.51478                   1
          273.167729             0.51469                   1
          293.104038             0.51480                   1
          297.081999             0.51472                   1
          307.050131             0.51471                   1
          322.992975             0.51484                   1
          326.970879             0.51481                   1
          334.957889             0.51481                   1
