           27.956727             0.51481                   1
           83.834685             0.51474                   1
           93.818516             0.51466                   1
          103.786637             0.51484                   1
          137.637861             0.51474                   1
          141.631447             0.51474                   1
          157.574266             0.51476                   1
          165.514420             0.51485                   1
          181.457317             0.51478                   1
          187.447513             0.51487                   1
          191.409887             0.51481                   1
          211.346233             0.51481                   1
          215.339803             0.51476                   1
          229.301470             0.51478                   1
          235.291727             0.51488                   1
          247.241061             0.51476                   1
          255.228056             0.51476                   1
          261.202767             0.51479                   1
          277.161212             0.51481                   1
          281.123523             0.51477                   1
          295.086032             0.52956                   1
          311.028017             0.51481                   1
          317.002696             0.51483                   1
