           27.956727             0.58629                   1
           83.834685             0.58664                   1
           93.818516             0.81050                   1
          103.786637             0.65005                   1
          137.637861             0.71781                   1
          141.631447             0.82805                   1
          157.574266             0.69278                   1
          165.514420             1.03236                   1
          181.457317             0.57707                   1
          187.447513             0.90660                   1
          191.409887             0.78409                   1
          211.346233             0.71111                   1
          215.339803             0.68544                   1
          229.301470             0.69934                   1
          235.291727             0.65294                   1
          247.241061             0.63126                   1
          255.228056             0.66799                   1
          261.202767             0.67711                   1
          277.161212             0.59817                   1
          281.123523             0.61972                   1
          295.086032             0.56080                   1
          311.028017             0.66630                   1
          317.002696             0.61143                   1
