            8.020516             0.54715                   1
           13.995007             0.57246                   1
           21.982086             0.65715                   1
           35.928149             0.67065                   1
           37.924889             0.60986                   1
           71.838512             0.63918                   1
           97.796435             0.78446                   1
          107.748979             0.62363                   1
          111.726861             0.59757                   1
          117.701528             0.59873                   1
          131.663245             0.62062                   1
          159.555409             0.61560                   1
          163.533326             0.88553                   1
          167.511208             0.55551                   1
          179.476144             0.66221                   1
          189.428719             1.19731                   1
          205.387159             0.67837                   1
          209.365101             0.65229                   1
          257.209247             0.70273                   1
          265.180644             0.70710                   1
          279.142399             0.63290                   1
          303.056595             0.68598                   1
          313.009655             0.74861                   1
          336.939139             0.86639                   1
