           19.979158             0.77232                   1
           23.969114             0.59822                   1
           39.933834             0.68912                   1
           47.903739             0.83905                   1
           71.863361             0.62283                   1
           89.793051             0.86865                   1
           91.772930             0.83272                   1
           95.752941             0.66860                   1
          101.737848             0.66758                   1
          125.632478             0.84433                   1
          157.571918             0.84011                   1
          177.511702             0.72379                   1
          189.486419             0.80565                   1
          197.451235             1.14376                   1
          199.436128             0.60679                   1
          203.426149             0.66463                   1
          219.390910             1.16350                   1
          243.335523             0.96232                   1
          259.295202             0.97023                   1
          281.244836             0.67609                   1
          297.209617             0.82286                   1
          307.174426             0.68989                   1
          313.159333             0.68083                   1
          329.139069             0.94860                   1
