           19.979158             0.52005                   1
           23.969114             0.50518                   1
           39.933834             0.50501                   1
           47.903739             0.52002                   1
           71.863361             0.51493                   1
           89.793051             0.50493                   1
           91.772930             0.51007                   1
           95.752941             0.50500                   1
          101.737848             0.52001                   1
          125.632478             0.51492                   1
          157.571918             0.50505                   1
          177.511702             0.51990                   1
          189.486419             0.50498                   1
          197.451235             0.51999                   1
          199.436128             0.51509                   1
          203.426149             0.52001                   1
          219.390910             0.51503                   1
          243.335523             0.51499                   1
          259.295202             0.51998                   1
          281.244836             0.52002                   1
          297.209617             0.52001                   1
          307.174426             0.50512                   1
          313.159333             0.52001                   1
          329.139069             0.50497                   1
