           10.014342             0.52937                   1
           13.994374             0.52520                   1
           37.938875             0.71613                   1
           73.858320             0.46775                   1
           79.843129             0.65884                   1
           83.833118             0.51670                   1
           85.813113             0.59269                   1
           93.758101             0.55150                   1
          115.667579             0.52944                   1
          127.627403             0.92936                   1
          137.602242             0.55424                   1
          167.546752             0.74501                   1
          169.531744             0.75195                   1
          181.501496             0.82191                   1
          193.461335             0.79774                   1
          233.370707             0.69534                   1
          241.350585             0.72330                   1
          249.320393             0.68930                   1
          261.295224             0.62624                   1
          267.280093             0.71317                   1
          277.269888             0.60314                   1
          289.229733             0.83496                   1
          317.149292             0.68270                   1
          341.123877             0.70756                   1
