            8.034579             0.63718                   1
           12.009370             0.53427                   1
           31.954012             0.64515                   1
           45.918803             0.61600                   1
           57.893563             0.70549                   1
           69.878401             0.65580                   1
           87.798094             0.59965                   1
          105.717781             0.50347                   1
          107.712769             0.50047                   1
          111.702649             0.67851                   1
          113.682615             0.62648                   1
          119.657449             0.63549                   1
          123.647463             0.54938                   1
          139.597165             0.51926                   1
          149.577042             0.61914                   1
          159.551882             0.61207                   1
          183.486482             1.10881                   1
          205.421122             0.94969                   1
          213.401000             1.00158                   1
          227.370735             0.78348                   1
          255.320368             0.57721                   1
          293.219656             0.68497                   1
          299.194544             0.66993                   1
          303.184503             0.64790                   1
