           10.014342             0.52000                   1
           13.994374             0.51993                   1
           37.938875             0.51999                   1
           73.858320             0.50499                   1
           79.843129             0.50504                   1
           83.833118             0.50504                   1
           85.813113             0.50997                   1
           93.758101             0.51989                   1
          115.667579             0.52002                   1
          127.627403             0.50501                   1
          137.602242             0.52005                   1
          167.546752             0.50498                   1
          169.531744             0.51495                   1
          181.501496             0.52006                   1
          193.461335             0.52001                   1
          233.370707             0.50499                   1
          241.350585             0.51992                   1
          249.320393             0.51995                   1
          261.295224             0.50499                   1
          267.280093             0.50493                   1
          277.269888             0.50501                   1
          289.229733             0.52002                   1
          317.149292             0.51001                   1
          341.123877             0.50493                   1
