            8.034579             0.50478                   1
           12.009370             0.50991                   1
           31.954012             0.51500                   1
           45.918803             0.50495                   1
           57.893563             0.50496                   1
           69.878401             0.51995                   1
           87.798094             0.51998                   1
          105.717781             0.51991                   1
          107.712769             0.50497                   1
          111.702649             0.50496                   1
          113.682615             0.51000                   1
          119.657449             0.52014                   1
          123.647463             0.52002                   1
          139.597165             0.50509                   1
          149.577042             0.52002                   1
          159.551882             0.52003                   1
          183.486482             0.51501                   1
          205.421122             0.50504                   1
          213.401000             0.51997                   1
          227.370735             0.52004                   1
          255.320368             0.50491                   1
          293.219656             0.52005                   1
          299.194544             0.51498                   1
          303.184503             0.51997                   1
