           25.958019             0.81729                   1
           29.957718             0.84951                   1
           31.940895             0.86629                   1
           49.889505             0.84527                   1
           59.838734             0.94382                   1
           81.787042             0.77899                   1
           89.719748             0.69408                   1
          111.618066             0.70725                   1
          125.600312             0.99670                   1
          129.583340             1.09355                   1
          135.566211             1.06256                   1
          151.531644             0.75273                   1
          153.514820             0.70554                   1
          157.497846             0.88239                   1
          187.395534             0.98400                   1
          239.241513             1.20081                   1
          251.190600             0.77150                   1
          275.122076             0.77544                   1
          277.105259             0.76824                   1
          305.036423             1.22036                   1
          313.019150             0.76552                   1
          322.985044             1.06335                   1
          336.917300             1.10678                   1
