           10.009252             0.51662                   1
           41.923460             0.51662                   1
           47.906328             0.51662                   1
           57.855560             0.51662                   1
           85.753396             0.51662                   1
           93.686118             0.51661                   1
           95.669286             0.51663                   1
          117.600927             0.51664                   1
          177.429636             0.51663                   1
          203.360956             0.51663                   1
          217.309884             0.51660                   1
          227.292444             0.51662                   1
          241.224693             0.51662                   1
          267.156033             0.51662                   1
          273.138911             0.51662                   1
          285.087968             0.51663                   1
          309.019461             0.51661                   1
          319.002018             0.51662                   1
          330.934427             0.51662                   1
          338.900478             0.51662                   1
