           13.992278             0.78330                   1
           15.975453             0.84807                   1
           51.872686             0.84608                   1
           75.804180             1.07394                   1
           83.770219             1.19576                   1
           87.736579             0.73329                   1
           91.702927             0.84686                   1
          105.651861             0.78561                   1
          107.635027             0.73840                   1
          173.446612             0.99728                   1
          179.412815             1.11092                   1
          207.343996             0.95508                   1
          213.326862             1.02808                   1
          225.309268             1.13341                   1
          229.275623             1.10294                   1
          237.258343             0.92004                   1
          245.207722             0.93048                   1
          255.173614             0.80440                   1
          324.968220             0.74416                   1
          326.951401             1.03293                   1
          340.883655             1.03635                   1
