           25.958019             0.51663                   1
           29.957718             0.49998                   1
           31.940895             0.51662                   1
           49.889505             0.51662                   1
           59.838734             0.51663                   1
           81.787042             0.51662                   1
           89.719748             0.51663                   1
          111.618066             0.51662                   1
          125.600312             0.51663                   1
          129.583340             0.51662                   1
          135.566211             0.51662                   1
          151.531644             0.51662                   1
          153.514820             0.51662                   1
          157.497846             0.51662                   1
          187.395534             0.51662                   1
          239.241513             0.51668                   1
          251.190600             0.51662                   1
          275.122076             0.51663                   1
          277.105259             0.51662                   1
          305.036423             0.51662                   1
          313.019150             0.51662                   1
          322.985044             0.51662                   1
          336.917300             0.51662                   1
