           10.009252             0.76644                   1
           41.923460             1.01951                   1
           47.906328             0.86048                   1
           57.855560             0.82302                   1
           85.753396             0.85252                   1
           93.686118             0.69563                   1
           95.669286             0.81640                   1
          117.600927             0.86024                   1
          177.429636             0.91816                   1
          203.360956             0.77023                   1
          217.309884             1.01296                   1
          227.292444             0.97418                   1
          241.224693             0.75362                   1
          267.156033             0.79773                   1
          273.138911             0.88664                   1
          285.087968             0.84932                   1
          309.019461             0.94127                   1
          319.002018             0.75048                   1
          330.934427             0.82582                   1
          338.900478             1.12356                   1
