           13.992278             0.51663                   1
           15.975453             0.51663                   1
           51.872686             0.51669                   1
           75.804180             0.51662                   1
           83.770219             0.51662                   1
           87.736579             0.51664                   1
           91.702927             0.51663                   1
          105.651861             0.51662                   1
          107.635027             0.51663                   1
          173.446612             0.51662                   1
          179.412815             0.51663                   1
          207.343996             0.51661                   1
          213.326862             0.51663                   1
          225.309268             0.51662                   1
          229.275623             0.51663                   1
          237.258343             0.51662                   1
          245.207722             0.51665                   1
          255.173614             0.51663                   1
          324.968220             0.51663                   1
          326.951401             0.51662                   1
          340.883655             0.51662                   1
