           27.956884             0.51474                   1
           83.834862             0.51475                   1
           93.818587             0.51520                   1
          103.802448             0.51479                   1
          137.653672             0.51475                   1
          141.647193             0.51473                   1
          157.589990             0.51477                   1
          165.530169             0.51512                   1
          187.463342             0.51483                   1
          191.425641             0.51478                   1
          211.377601             0.51473                   1
          215.355555             0.51479                   1
          229.318020             0.52958                   1
          235.307498             0.51469                   1
          239.300934             0.51487                   1
          247.257251             0.51528                   1
          255.243790             0.51479                   1
          261.218540             0.51478                   1
          277.177080             0.51466                   1
          281.139268             0.51479                   1
          295.116622             0.51472                   1
          311.059444             0.51468                   1
          317.018478             0.51480                   1
