           27.956884             0.64218                   1
           83.834862             0.97849                   1
           93.818587             0.87445                   1
          103.802448             0.73030                   1
          137.653672             0.72596                   1
          141.647193             0.62836                   1
          157.589990             0.72506                   1
          165.530169             0.70468                   1
          187.463342             0.56276                   1
          191.425641             0.53639                   1
          211.377601             0.75975                   1
          215.355555             0.64569                   1
          229.318020             0.93076                   1
          235.307498             0.71714                   1
          239.300934             0.75554                   1
          247.257251             0.81502                   1
          255.243790             0.79620                   1
          261.218540             0.67736                   1
          277.177080             0.75032                   1
          281.139268             0.65202                   1
          295.116622             0.88215                   1
          311.059444             0.60290                   1
          317.018478             0.71568                   1
