           14.010806             0.52468                   1
           21.997851             0.81741                   1
           35.943959             0.83887                   1
           37.925027             0.73773                   1
           71.854273             1.05543                   1
           97.812151             1.24872                   1
          107.764761             0.75984                   1
          111.727231             0.77324                   1
          117.717321             1.23895                   1
          131.679024             0.98086                   1
          159.571239             0.83175                   1
          167.526997             0.82774                   1
          189.444503             0.69351                   1
          205.402980             1.15058                   1
          209.380839             1.10060                   1
          265.196696             0.78701                   1
          303.087981             0.91854                   1
          313.040574             0.64573                   1
