           13.989562             0.89000                   1
           15.972734             0.72280                   1
           51.853197             0.59337                   1
           67.818603             0.55556                   1
           75.801297             0.75662                   1
           83.767377             0.57440                   1
           87.733675             0.60793                   1
           91.700023             0.80950                   1
          105.648912             0.91622                   1
          107.632086             0.70903                   1
          173.443509             0.75187                   1
          179.409698             1.27353                   1
          199.374767             0.74791                   1
          207.340799             0.55771                   1
          225.289367             0.57666                   1
          229.255704             0.45824                   1
          237.238415             0.62728                   1
          245.204436             0.58105                   1
          255.170309             0.56696                   1
          324.948067             0.71536                   1
          326.931246             0.56413                   1
          340.880130             0.60689                   1
