           13.989562             0.51662                   1
           15.972734             0.51662                   1
           51.853197             0.51663                   1
           67.818603             0.51662                   1
           75.801297             0.51662                   1
           83.767377             0.51657                   1
           87.733675             0.51662                   1
           91.700023             0.51662                   1
          105.648912             0.51662                   1
          107.632086             0.51662                   1
          173.443509             0.51661                   1
          179.409698             0.51661                   1
          199.374767             0.51664                   1
          207.340799             0.51662                   1
          225.289367             0.51662                   1
          229.255704             0.51663                   1
          237.238415             0.51661                   1
          245.204436             0.51662                   1
          255.170309             0.51662                   1
          324.948067             0.51663                   1
          326.931246             0.51662                   1
          340.880130             0.51664                   1
