           25.955276             0.51662                   1
           29.938326             0.51659                   1
           31.921466             0.51662                   1
           49.870022             0.51662                   1
           59.835899             0.49997                   1
           81.784150             0.51662                   1
           89.716850             0.51662                   1
          111.615105             0.51662                   1
          125.580652             0.51662                   1
          129.563667             0.51662                   1
          151.528582             0.49996                   1
          153.511757             0.51663                   1
          157.494780             0.51662                   1
          167.460643             0.51662                   1
          187.392390             0.51662                   1
          239.221574             0.51663                   1
          251.187295             0.51662                   1
          275.118716             0.51662                   1
          277.101890             0.51662                   1
          305.032990             0.51663                   1
          312.999038             0.51661                   1
          322.964904             0.51662                   1
          336.913782             0.51662                   1
