           25.955276             1.04397                   1
           29.938326             0.93280                   1
           31.921466             0.74962                   1
           49.870022             1.01659                   1
           59.835899             0.65845                   1
           81.784150             0.63762                   1
           89.716850             0.68071                   1
          111.615105             0.55792                   1
          125.580652             0.76799                   1
          129.563667             1.10484                   1
          151.528582             0.71538                   1
          153.511757             0.91613                   1
          157.494780             0.86899                   1
          167.460643             0.70287                   1
          187.392390             0.63462                   1
          239.221574             0.63610                   1
          251.187295             0.56606                   1
          275.118716             0.86601                   1
          277.101890             1.06672                   1
          305.032990             1.40688                   1
          312.999038             0.56868                   1
          322.964904             0.63456                   1
          336.913782             0.63730                   1
