            8.023374             0.51662                   1
           10.006538             0.51663                   1
           41.904009             0.51661                   1
           47.886867             0.51660                   1
           57.836065             0.51663                   1
           85.750500             0.51662                   1
           93.683198             0.51662                   1
           95.666373             0.51663                   1
          139.529539             0.51662                   1
          165.477471             0.51662                   1
          177.426521             0.51662                   1
          217.306670             0.51660                   1
          227.272527             0.51663                   1
          241.221423             0.51662                   1
          267.152687             0.51662                   1
          273.135543             0.51662                   1
          285.084591             0.51662                   1
          295.067131             0.51662                   1
          309.016014             0.51662                   1
          318.981886             0.51661                   1
          330.930925             0.51662                   1
          338.896953             0.51662                   1
