           10.025095             0.55050                   1
           23.971177             0.54798                   1
           46.060717             0.61778                   1
           56.044777             0.47341                   1
           58.040802             0.56531                   1
           66.027835             0.46600                   1
          105.931744             0.56092                   1
          109.894035             0.47050                   1
          121.858977             0.51499                   1
          129.830584             0.64532                   1
          147.770061             0.56928                   1
          153.760273             0.56289                   1
          155.741429             0.61368                   1
          177.658948             0.60745                   1
          201.557586             0.64405                   1
          217.484892             0.53228                   1
          241.430281             0.49820                   1
          273.331614             0.57984                   1
          293.267991             0.62688                   1
          297.245904             0.52884                   1
          307.214055             0.63238                   1
          323.156946             0.52100                   1
          327.134779             0.59105                   1
          335.121873             0.60368                   1
