           10.025095             0.51476                   1
           23.971177             0.51477                   1
           46.060717             0.51488                   1
           56.044777             0.52968                   1
           58.040802             0.51476                   1
           66.027835             0.51474                   1
          105.931744             0.51482                   1
          109.894035             0.51483                   1
          121.858977             0.51481                   1
          129.830584             0.51542                   1
          147.770061             0.51523                   1
          153.760273             0.51477                   1
          155.741429             0.51478                   1
          177.658948             0.51481                   1
          201.557586             0.51480                   1
          217.484892             0.51475                   1
          241.430281             0.51484                   1
          273.331614             0.51477                   1
          293.267991             0.51479                   1
          297.245904             0.51482                   1
          307.214055             0.51472                   1
          323.156946             0.51478                   1
          327.134779             0.51480                   1
          335.121873             0.51479                   1
