           28.120736             0.51472                   1
           83.984047             0.51482                   1
           93.982379             0.51479                   1
          103.950572             0.51477                   1
          137.801773             0.51484                   1
          141.795310             0.51481                   1
          157.738205             0.51489                   1
          165.678420             0.51475                   1
          181.621291             0.51474                   1
          187.611504             0.51483                   1
          191.573824             0.51482                   1
          211.510191             0.51479                   1
          215.503712             0.51479                   1
          229.465391             0.51480                   1
          235.455670             0.51468                   1
          239.433614             0.51476                   1
          247.404994             0.51470                   1
          255.392025             0.51479                   1
          261.366668             0.51485                   1
          277.325144             0.51483                   1
          295.264730             0.51482                   1
          311.191966             0.51478                   1
          317.166661             0.51474                   1
