            8.028454             0.51490                   1
           14.002975             0.51473                   1
           21.989972             0.51481                   1
           36.092069             0.51480                   1
           38.088845             0.51477                   1
           72.002495             0.51478                   1
           97.960351             0.51469                   1
          107.912962             0.51476                   1
          111.890825             0.51479                   1
          117.865519             0.51478                   1
          131.827192             0.51473                   1
          163.697212             0.51486                   1
          167.675173             0.51479                   1
          179.640119             0.51467                   1
          205.551145             0.51481                   1
          257.373163             0.51477                   1
          265.344580             0.51480                   1
          279.306300             0.51475                   1
          303.220771             0.51535                   1
          337.103004             0.51479                   1
