           28.120736             0.45435                   1
           83.984047             0.64528                   1
           93.982379             0.55063                   1
          103.950572             0.44609                   1
          137.801773             0.51496                   1
          141.795310             0.53621                   1
          157.738205             0.60084                   1
          165.678420             0.52438                   1
          181.621291             0.46099                   1
          187.611504             0.51863                   1
          191.573824             0.48415                   1
          211.510191             0.65920                   1
          215.503712             0.49751                   1
          229.465391             0.55940                   1
          235.455670             0.68895                   1
          239.433614             0.63085                   1
          247.404994             0.54729                   1
          255.392025             0.65596                   1
          261.366668             0.51500                   1
          277.325144             0.56226                   1
          295.264730             0.58207                   1
          311.191966             0.75036                   1
          317.166661             0.49545                   1
