            8.028454             0.57123                   1
           14.002975             0.39649                   1
           21.989972             0.51505                   1
           36.092069             0.65074                   1
           38.088845             0.63791                   1
           72.002495             0.53917                   1
           97.960351             0.64456                   1
          107.912962             0.59561                   1
          111.890825             0.40960                   1
          117.865519             0.52272                   1
          131.827192             0.46461                   1
          163.697212             0.58562                   1
          167.675173             0.58357                   1
          179.640119             0.69026                   1
          205.551145             0.60241                   1
          257.373163             0.86674                   1
          265.344580             0.65511                   1
          279.306300             0.56500                   1
          303.220771             0.74579                   1
          337.103004             0.57450                   1
