           17.970367             0.51663                   1
           31.952584             0.51665                   1
           53.900820             0.51664                   1
           63.850045             0.51662                   1
           65.833214             0.51662                   1
           67.816391             0.51662                   1
          127.611630             0.51663                   1
          139.594005             0.51662                   1
          179.474160             0.51662                   1
          185.440350             0.51662                   1
          209.338447             0.51662                   1
          219.304321             0.51661                   1
          223.287323             0.51663                   1
          247.218771             0.51661                   1
          261.150985             0.51662                   1
          267.117175             0.51662                   1
          275.083211             0.51662                   1
          301.014463             0.51663                   1
          304.997492             0.51662                   1
          308.963838             0.51662                   1
          318.946382             0.51663                   1
          322.929394             0.51661                   1
          340.877965             0.51662                   1
