           14.004023             0.51662                   1
           23.953233             0.51661                   1
           41.935124             0.51662                   1
           45.918138             0.51662                   1
           55.884007             0.51662                   1
           57.867183             0.51662                   1
           85.764967             0.51662                   1
          101.713695             0.51662                   1
          105.680039             0.51662                   1
          109.663051             0.51663                   1
          131.611309             0.51662                   1
          147.576680             0.51664                   1
          153.559560             0.51662                   1
          175.491146             0.51662                   1
          181.457336             0.51662                   1
          187.423523             0.51662                   1
          229.270179             0.51663                   1
          231.253361             0.51662                   1
          237.236237             0.51662                   1
          255.184800             0.51662                   1
          271.100193             0.51662                   1
          299.031314             0.51661                   1
          306.980652             0.51663                   1
          332.911927             0.51662                   1
