           15.987190             0.54826                   1
           73.799255             0.83070                   1
           79.782113             0.60772                   1
           91.747826             0.79368                   1
           93.730995             1.09042                   1
          103.696854             1.11633                   1
          121.645447             0.78327                   1
          123.628612             0.76002                   1
          155.542733             0.70109                   1
          163.525431             0.71018                   1
          167.508448             1.00704                   1
          191.406542             0.58032                   1
          193.389714             0.54108                   1
          195.372891             0.47785                   1
          197.356063             0.51062                   1
          215.321295             0.62498                   1
          225.270501             0.86751                   1
          249.201935             0.77539                   1
          257.168027             0.65717                   1
          263.134160             0.71483                   1
          287.065589             0.66276                   1
          289.048750             0.93557                   1
          330.928739             1.40646                   1
          334.895108             0.48800                   1
