           14.004023             0.71551                   1
           23.953233             0.59003                   1
           41.935124             0.95967                   1
           45.918138             0.72055                   1
           55.884007             0.90641                   1
           57.867183             0.61919                   1
           85.764967             0.84067                   1
          101.713695             0.89960                   1
          105.680039             0.56507                   1
          109.663051             0.73397                   1
          131.611309             1.20913                   1
          147.576680             1.03535                   1
          153.559560             0.78831                   1
          175.491146             0.73613                   1
          181.457336             0.90579                   1
          187.423523             0.95543                   1
          229.270179             0.98768                   1
          231.253361             1.08442                   1
          237.236237             0.94945                   1
          255.184800             0.77638                   1
          271.100193             1.35659                   1
          299.031314             0.81677                   1
          306.980652             0.76318                   1
          332.911927             0.56723                   1
