           17.970367             0.53306                   1
           31.952584             0.59849                   1
           53.900820             0.74568                   1
           63.850045             0.64417                   1
           65.833214             0.65300                   1
           67.816391             0.54973                   1
          127.611630             0.85692                   1
          139.594005             0.57026                   1
          179.474160             0.77702                   1
          185.440350             0.99467                   1
          209.338447             0.80795                   1
          219.304321             0.90583                   1
          223.287323             0.61070                   1
          247.218771             1.18263                   1
          261.150985             0.67408                   1
          267.117175             0.82772                   1
          275.083211             0.67745                   1
          301.014463             0.84952                   1
          304.997492             0.62639                   1
          308.963838             0.51675                   1
          318.946382             0.73317                   1
          322.929394             0.90200                   1
          340.877965             0.63300                   1
