           10.013840             0.51662                   1
           13.980194             0.51662                   1
           37.911596             0.51663                   1
           73.808716             0.51662                   1
           79.791574             0.51662                   1
           83.774586             0.51662                   1
           85.757757             0.51662                   1
           93.690454             0.51662                   1
          115.572014             0.51663                   1
          127.504417             0.51660                   1
          137.503607             0.51662                   1
          167.417875             0.51662                   1
          169.401044             0.51662                   1
          181.366752             0.51662                   1
          193.315793             0.51661                   1
          233.195926             0.51662                   1
          241.178629             0.51660                   1
          249.144647             0.51662                   1
          261.093685             0.51662                   1
          267.076534             0.51663                   1
          277.059076             0.51661                   1
          289.024780             0.51661                   1
          316.922539             0.49996                   1
          340.887287             0.51662                   1
