           19.963036             0.51663                   1
           23.946066             0.51660                   1
           39.894773             0.51661                   1
           47.877464             0.51662                   1
           71.825557             0.51661                   1
           89.724108             0.51662                   1
           91.707281             0.51662                   1
           95.673628             0.51662                   1
          101.656465             0.51663                   1
          125.521240             0.51662                   1
          157.452006             0.51662                   1
          177.383742             0.51662                   1
          189.332782             0.51662                   1
          197.298807             0.51662                   1
          199.281979             0.51662                   1
          203.264984             0.51663                   1
          219.213716             0.51661                   1
          243.161766             0.51665                   1
          259.110512             0.51662                   1
          281.042086             0.51662                   1
          296.990806             0.51662                   1
          306.939998             0.51662                   1
          312.922866             0.51661                   1
