            8.030669             0.51662                   1
           11.997013             0.51662                   1
           31.928754             0.51661                   1
           45.894294             0.49995                   1
           57.860001             0.51662                   1
           69.842372             0.51662                   1
          105.639494             0.51662                   1
          107.622654             0.51663                   1
          111.605680             0.51662                   1
          113.588842             0.51663                   1
          119.555040             0.51663                   1
          123.538050             0.51663                   1
          149.469315             0.51662                   1
          159.435177             0.51661                   1
          183.349924             0.51662                   1
          213.230854             0.51663                   1
          227.213090             0.49994                   1
          255.127490             0.51663                   1
          293.007794             0.51662                   1
          298.973967             0.51663                   1
          302.956986             0.51663                   1
