           19.963036             0.78837                   1
           23.946066             0.92522                   1
           39.894773             1.07209                   1
           47.877464             1.28121                   1
           71.825557             1.00447                   1
           89.724108             0.80147                   1
           91.707281             0.77825                   1
           95.673628             0.61179                   1
          101.656465             1.17277                   1
          125.521240             0.60339                   1
          157.452006             0.95980                   1
          177.383742             1.12354                   1
          189.332782             1.06218                   1
          197.298807             0.79193                   1
          199.281979             0.93671                   1
          203.264984             0.88959                   1
          219.213716             0.93245                   1
          243.161766             0.87179                   1
          259.110512             1.11460                   1
          281.042086             1.18244                   1
          296.990806             1.12930                   1
          306.939998             0.80389                   1
          312.922866             0.91687                   1
