            8.030669             0.67305                   1
           11.997013             0.98659                   1
           31.928754             1.19034                   1
           45.894294             1.04043                   1
           57.860001             0.94641                   1
           69.842372             1.01973                   1
          105.639494             0.72565                   1
          107.622654             0.74244                   1
          111.605680             0.83132                   1
          113.588842             0.75209                   1
          119.555040             0.64176                   1
          123.538050             0.68264                   1
          149.469315             0.87069                   1
          159.435177             0.70456                   1
          183.349924             1.07718                   1
          213.230854             0.65949                   1
          227.213090             0.76488                   1
          255.127490             0.87372                   1
          293.007794             1.40042                   1
          298.973967             1.05811                   1
          302.956986             0.86699                   1
