           10.013840             1.34584                   1
           13.980194             0.89942                   1
           37.911596             1.04739                   1
           73.808716             0.85327                   1
           79.791574             0.86224                   1
           83.774586             0.85515                   1
           85.757757             0.79190                   1
           93.690454             0.57889                   1
          115.572014             0.68086                   1
          127.504417             0.66015                   1
          137.503607             0.79670                   1
          167.417875             0.83363                   1
          169.401044             0.73042                   1
          181.366752             1.03639                   1
          193.315793             0.95103                   1
          233.195926             0.88587                   1
          241.178629             0.87097                   1
          249.144647             0.74476                   1
          261.093685             0.88338                   1
          267.076534             0.89238                   1
          277.059076             0.96557                   1
          289.024780             0.93555                   1
          316.922539             0.94109                   1
          340.887287             0.96773                   1
