            8.509658             0.51663                   1
           18.458964             0.51661                   1
           32.441313             0.51661                   1
           54.389740             0.51662                   1
           64.339033             0.51665                   1
           66.322220             0.51663                   1
           68.305412             0.51662                   1
          128.117830             0.51663                   1
          179.964147             0.51662                   1
          185.930389             0.51663                   1
          209.828687             0.51663                   1
          219.794639             0.51662                   1
          223.794366             0.51662                   1
          247.709332             0.51663                   1
          261.641675             0.51663                   1
          275.574019             0.51663                   1
          305.488532             0.51665                   1
          309.454930             0.51665                   1
          323.437288             0.51662                   1
          341.369348             0.51662                   1
