           14.492569             0.88315                   1
           24.458532             1.41299                   1
           42.423915             0.95134                   1
           58.356121             1.22684                   1
          106.169388             0.74872                   1
          110.152433             0.96563                   1
          132.100882             1.04880                   1
          148.066413             1.03495                   1
          175.981097             1.24778                   1
          181.947335             0.92944                   1
          187.913578             0.92311                   1
          237.726708             0.82911                   1
          255.675433             0.84004                   1
          271.590974             0.64419                   1
          307.471744             0.80284                   1
          333.403244             0.75088                   1
