            8.509658             0.81819                   1
           18.458964             0.58868                   1
           32.441313             1.07811                   1
           54.389740             1.17726                   1
           64.339033             0.83581                   1
           66.322220             0.75662                   1
           68.305412             0.91740                   1
          128.117830             1.20792                   1
          179.964147             1.37667                   1
          185.930389             0.96231                   1
          209.828687             0.75158                   1
          219.794639             0.80948                   1
          223.794366             0.51675                   1
          247.709332             0.71029                   1
          261.641675             0.73770                   1
          275.574019             0.72513                   1
          305.488532             0.70609                   1
          309.454930             0.79562                   1
          323.437288             0.94097                   1
          341.369348             0.77661                   1
