           14.492569             0.51662                   1
           24.458532             0.51662                   1
           42.423915             0.51663                   1
           58.356121             0.51663                   1
          106.169388             0.51662                   1
          110.152433             0.51663                   1
          132.100882             0.51662                   1
          148.066413             0.51662                   1
          175.981097             0.51662                   1
          181.947335             0.51663                   1
          187.913578             0.51662                   1
          237.726708             0.51663                   1
          255.675433             0.51662                   1
          271.590974             0.51662                   1
          307.471744             0.51663                   1
          333.403244             0.51662                   1
