          122.134925             0.51662                   1
          124.134790             0.51662                   1
          164.015279             0.51662                   1
          167.998331             0.51662                   1
          287.556503             0.51662                   1
          289.539690             0.51663                   1
           46.406985             0.51660                   1
           56.372927             0.51663                   1
           86.254143             0.51662                   1
          102.202999             0.51663                   1
          154.049323             0.51662                   1
          229.760608             0.51663                   1
          231.743814             0.51661                   1
          299.522313             0.51665                   1
          140.083646             0.51663                   1
          267.607919             0.51663                   1
          301.505493             0.51664                   1
          319.454244             0.51662                   1
