           16.475754             0.51664                   1
           74.288325             0.51666                   1
           80.271224             0.51665                   1
           92.237049             0.51662                   1
           94.220245             0.51662                   1
          104.186176             0.51665                   1
          156.032510             0.51663                   1
          191.896634             0.51662                   1
          193.879821             0.51663                   1
          195.863020             0.51663                   1
          197.846204             0.51664                   1
          215.811591             0.51663                   1
          225.777554             0.51665                   1
          249.692523             0.51663                   1
          257.658613             0.51664                   1
          263.624867             0.51663                   1
          331.420055             0.51662                   1
          335.386435             0.51663                   1
