           16.475754             0.71595                   1
           74.288325             0.82240                   1
           80.271224             1.13534                   1
           92.237049             1.04932                   1
           94.220245             0.85806                   1
          104.186176             0.85193                   1
          156.032510             0.75672                   1
          191.896634             0.80399                   1
          193.879821             0.57275                   1
          195.863020             0.59748                   1
          197.846204             0.70228                   1
          215.811591             0.81661                   1
          225.777554             0.89847                   1
          249.692523             0.72709                   1
          257.658613             0.76884                   1
          263.624867             0.98647                   1
          331.420055             0.65408                   1
          335.386435             0.67164                   1
