           13.997971             0.51475                   1
           15.979143             0.51481                   1
           51.873952             0.51478                   1
           67.832393             0.51485                   1
           75.819367             0.51486                   1
           83.790918             0.51470                   1
           87.753208             0.51476                   1
           91.731043             0.51482                   1
          105.677194             0.51475                   1
          107.658332             0.51476                   1
          173.473234             0.51481                   1
          179.447936             0.51477                   1
          199.415515             0.51476                   1
          207.386898             0.51476                   1
          213.377187             0.51479                   1
          225.342144             0.51467                   1
          229.304443             0.51478                   1
          237.291490             0.51468                   1
          245.247261             0.51481                   1
          255.215472             0.51479                   1
          301.109654             0.51476                   1
          325.023955             0.51468                   1
          327.005097             0.51469                   1
          340.935557             0.51473                   1
