           25.962960             0.51470                   1
           29.956455             0.51477                   1
           31.937598             0.51474                   1
           49.892832             0.51481                   1
           59.845426             0.51478                   1
           81.794060             0.51478                   1
           89.734304             0.51476                   1
          111.651877             0.51479                   1
          125.613601             0.51471                   1
          129.607030             0.51478                   1
          135.581680             0.51472                   1
          151.555749             0.51476                   1
          153.536900             0.51481                   1
          157.530444             0.51477                   1
          167.498586             0.51478                   1
          187.435005             0.51473                   1
          239.272576             0.51480                   1
          251.237554             0.51484                   1
          275.167384             0.51480                   1
          277.149544             0.52945                   1
          305.088222             0.52967                   1
          313.058953             0.51478                   1
          323.027092             0.51517                   1
          336.973251             0.51475                   1
