            8.023511             0.76024                   1
           10.020110             0.58757                   1
           41.921369             0.74927                   1
           47.911683             0.71079                   1
           57.864249             0.68593                   1
           85.772055             0.57726                   1
           93.712261             0.57279                   1
           95.693400             0.61559                   1
          117.626489             0.77783                   1
          139.575196             0.73242                   1
          165.501815             0.77299                   1
          177.466786             0.89565                   1
          203.394395             0.65523                   1
          217.355125             0.95010                   1
          227.323316             0.78157                   1
          241.269345             0.61118                   1
          267.195949             0.80366                   1
          273.186292             0.75724                   1
          285.135600             0.72757                   1
          295.119322             0.62352                   1
          309.081072             0.78133                   1
          319.049271             0.71684                   1
          330.982981             0.65474                   1
          338.954380             0.61910                   1
