           13.997971             0.64958                   1
           15.979143             0.69231                   1
           51.873952             0.70840                   1
           67.832393             0.70144                   1
           75.819367             0.57822                   1
           83.790918             0.63044                   1
           87.753208             0.68403                   1
           91.731043             0.77006                   1
          105.677194             0.75147                   1
          107.658332             0.64227                   1
          173.473234             0.84132                   1
          179.447936             0.89043                   1
          199.415515             0.79426                   1
          207.386898             0.75060                   1
          213.377187             0.70414                   1
          225.342144             0.73082                   1
          229.304443             0.71240                   1
          237.291490             0.74109                   1
          245.247261             0.86509                   1
          255.215472             0.69662                   1
          301.109654             0.66500                   1
          325.023955             0.70995                   1
          327.005097             0.65677                   1
          340.935557             0.98989                   1
