           25.962960             0.90816                   1
           29.956455             0.86661                   1
           31.937598             0.62134                   1
           49.892832             0.64157                   1
           59.845426             0.72067                   1
           81.794060             0.70736                   1
           89.734304             0.71086                   1
          111.651877             0.93659                   1
          125.613601             0.85444                   1
          129.607030             0.73291                   1
          135.581680             0.71011                   1
          151.555749             0.63149                   1
          153.536900             0.63433                   1
          157.530444             0.77661                   1
          167.498586             0.75216                   1
          187.435005             0.69511                   1
          239.272576             0.72791                   1
          251.237554             0.81855                   1
          275.167384             0.71204                   1
          277.149544             0.64986                   1
          305.088222             0.59031                   1
          313.058953             1.20326                   1
          323.027092             0.71489                   1
          336.973251             0.72828                   1
