           14.023485             0.51479                   1
           23.976097             0.51476                   1
           29.966381             0.51476                   1
           61.852064             0.51477                   1
           79.791637             0.51480                   1
           89.728673             0.51474                   1
          111.677339             0.51477                   1
          113.658431             0.51487                   1
          123.611120             0.51475                   1
          145.544246             0.51471                   1
          179.473457             0.51479                   1
          185.463764             0.51473                   1
          189.441652             0.51485                   1
          191.422791             0.51482                   1
          195.416316             0.51476                   1
          219.377412             0.51474                   1
          225.367692             0.51475                   1
          241.326101             0.51478                   1
          251.309884             0.51476                   1
          259.265677             0.51478                   1
          273.227398             0.51484                   1
          279.202083             0.51478                   1
          295.098574             0.52992                   1
          313.037704             0.51528                   1
