           57.874128             0.51479                   1
           67.842357             0.51477                   1
           81.772829             0.51479                   1
           83.769572             0.51481                   1
           99.712396             0.51480                   1
          125.592272             0.51478                   1
          129.585774             0.51477                   1
          137.557720             0.52976                   1
          149.537746             0.51473                   1
          207.396836             0.51473                   1
          235.335812             0.51480                   1
          267.237083             0.51482                   1
          281.183203             0.51470                   1
          285.161118             0.51473                   1
          291.135767             0.51482                   1
          293.116953             0.51484                   1
          299.091617             0.51476                   1
          309.059798             0.51476                   1
          315.034440             0.51479                   1
          323.005868             0.51480                   1
          338.964321             0.51480                   1
          340.945831             0.51534                   1
