           14.023485             0.66398                   1
           23.976097             0.80703                   1
           29.966381             0.65665                   1
           61.852064             1.12193                   1
           79.791637             0.62182                   1
           89.728673             0.68446                   1
          111.677339             1.15111                   1
          113.658431             1.12992                   1
          123.611120             0.88096                   1
          145.544246             0.52311                   1
          179.473457             0.60889                   1
          185.463764             0.84237                   1
          189.441652             0.68039                   1
          191.422791             1.24317                   1
          195.416316             0.60952                   1
          219.377412             0.79970                   1
          225.367692             1.48124                   1
          241.326101             0.52237                   1
          251.309884             0.63427                   1
          259.265677             1.03816                   1
          273.227398             0.75609                   1
          279.202083             0.61324                   1
          295.098574             0.61223                   1
          313.037704             0.59261                   1
