            8.033427             0.83826                   1
           16.004691             0.66671                   1
           17.986854             0.69250                   1
           31.947529             0.58737                   1
           39.934594             0.68010                   1
           43.912448             0.79005                   1
           47.890364             0.87608                   1
           69.823512             0.80623                   1
           77.810508             0.69900                   1
          103.705961             0.61873                   1
          107.683866             0.68069                   1
          121.629946             0.75817                   1
          157.524789             0.63821                   1
          167.492946             1.31774                   1
          233.354687             0.68597                   1
          255.287797             0.56828                   1
          257.268920             0.67503                   1
          275.208543             0.80683                   1
          289.154610             0.54037                   1
          305.081871             0.61263                   1
          321.009155             0.65286                   1
