           57.874128             0.63596                   1
           67.842357             0.83541                   1
           81.772829             0.60853                   1
           83.769572             1.12374                   1
           99.712396             1.38842                   1
          125.592272             0.66774                   1
          129.585774             0.61010                   1
          137.557720             0.62191                   1
          149.537746             0.70552                   1
          207.396836             0.66864                   1
          235.335812             0.77678                   1
          267.237083             0.77854                   1
          281.183203             0.69604                   1
          285.161118             0.60602                   1
          291.135767             0.62318                   1
          293.116953             0.72988                   1
          299.091617             0.64302                   1
          309.059798             0.73060                   1
          315.034440             0.97967                   1
          323.005868             0.76010                   1
          338.964321             0.73715                   1
          340.945831             0.85155                   1
