            8.033427             0.51494                   1
           16.004691             0.51474                   1
           17.986854             0.52942                   1
           31.947529             0.51480                   1
           39.934594             0.51475                   1
           43.912448             0.51476                   1
           47.890364             0.51470                   1
           69.823512             0.51476                   1
           77.810508             0.51478                   1
          103.705961             0.51474                   1
          107.683866             0.51482                   1
          121.629946             0.51476                   1
          157.524789             0.51469                   1
          167.492946             0.51477                   1
          233.354687             0.51482                   1
          255.287797             0.51475                   1
          257.268920             0.51479                   1
          275.208543             0.51470                   1
          289.154610             0.51475                   1
          305.081871             0.51484                   1
          321.009155             0.51472                   1
