           14.022132             0.51477                   1
           23.974878             0.51471                   1
           29.965150             0.51476                   1
           61.851205             0.51481                   1
           79.791044             0.51482                   1
           89.728158             0.51476                   1
          111.662122             0.52977                   1
          113.658295             0.51481                   1
          123.611085             0.51472                   1
          145.544376             0.51482                   1
          179.474059             0.51479                   1
          185.448810             0.51475                   1
          189.442355             0.51479                   1
          191.423521             0.51474                   1
          195.401486             0.51474                   1
          219.378455             0.51470                   1
          225.368795             0.51477                   1
          241.311856             0.51477                   1
          251.295709             0.51475                   1
          259.251629             0.51480                   1
          273.229114             0.51480                   1
          279.188246             0.51481                   1
          295.100096             0.51465                   1
          313.039911             0.51469                   1
