           45.893500             0.52953                   1
           57.873270             0.51480                   1
           67.841558             0.51480                   1
           83.768977             0.51482                   1
           99.712045             0.51475                   1
          125.592204             0.51480                   1
          129.570111             0.51508                   1
          137.557186             0.51487                   1
          149.537951             0.51475                   1
          165.496587             0.51480                   1
          207.397759             0.51485                   1
          235.337073             0.51484                   1
          267.238746             0.51475                   1
          281.169774             0.51539                   1
          291.137714             0.51477                   1
          293.118908             0.51477                   1
          299.077998             0.51485                   1
          309.046648             0.51539                   1
          315.021072             0.51469                   1
          322.992656             0.51461                   1
          338.966887             0.51477                   1
          340.948008             0.51485                   1
