            8.031921             0.51497                   1
           16.003305             0.51473                   1
           17.985227             0.51538                   1
           31.946358             0.51477                   1
           39.933450             0.51480                   1
           43.911405             0.51472                   1
           47.889393             0.51473                   1
           69.822738             0.51471                   1
           77.809794             0.51490                   1
           85.750167             0.51481                   1
          103.705615             0.51476                   1
          107.683605             0.51475                   1
          115.639510             0.51479                   1
          121.629815             0.51472                   1
          157.509466             0.51476                   1
          167.477708             0.51523                   1
          233.340301             0.51481                   1
          255.289313             0.51476                   1
          257.270461             0.51478                   1
          275.210263             0.51482                   1
          305.068336             0.51482                   1
          332.976505             0.51470                   1
