           19.975751             0.51477                   1
           23.953690             0.51478                   1
           39.912258             0.51486                   1
           47.883837             0.51473                   1
           71.829575             0.51484                   1
           89.738220             0.51478                   1
           91.719344             0.51481                   1
           95.697345             0.51486                   1
          101.672096             0.51524                   1
          125.555454             0.51481                   1
          157.472719             0.51473                   1
          177.410256             0.52946                   1
          189.374392             0.51480                   1
          197.345963             0.51478                   1
          199.327048             0.51486                   1
          203.305068             0.51478                   1
          219.263718             0.51475                   1
          243.209481             0.51478                   1
          259.152522             0.51481                   1
          281.101524             0.51479                   1
          297.044578             0.51479                   1
          306.997206             0.51480                   1
          312.987617             0.51471                   1
