           10.023015             0.51479                   1
           13.985392             0.51476                   1
           37.931147             0.51475                   1
           73.810737             0.51504                   1
           79.801116             0.51484                   1
           83.779622             0.52978                   1
           85.775804             0.51491                   1
           93.716198             0.51475                   1
          115.602808             0.51474                   1
          127.536632             0.51479                   1
          137.520530             0.51471                   1
          167.441087             0.51538                   1
          169.437803             0.51480                   1
          181.402884             0.51481                   1
          193.352396             0.51479                   1
          233.225682             0.51545                   1
          241.212701             0.51469                   1
          249.184263             0.51475                   1
          261.133602             0.51522                   1
          267.124033             0.51480                   1
          277.107966             0.51475                   1
          289.073002             0.51478                   1
          316.965558             0.51474                   1
