            8.026372             0.51500                   1
           12.004218             0.51479                   1
           31.940778             0.51480                   1
           45.887352             0.51539                   1
           57.867744             0.51476                   1
           69.848423             0.51469                   1
           87.757034             0.51474                   1
          105.665621             0.51483                   1
          107.646913             0.51474                   1
          111.625676             0.52949                   1
          113.621500             0.51491                   1
          119.580683             0.51481                   1
          123.574252             0.51478                   1
          139.502598             0.52952                   1
          149.501186             0.51482                   1
          159.469548             0.51474                   1
          183.384060             0.51481                   1
          205.287131             0.52955                   1
          213.273380             0.51474                   1
          227.250824             0.51481                   1
          255.174485             0.51483                   1
          293.066586             0.51482                   1
          299.025684             0.51538                   1
          303.019267             0.51482                   1
