           23.989949             0.51469                   1
           33.958154             0.51476                   1
           41.945169             0.51480                   1
           47.919834             0.51482                   1
           93.782969             0.51485                   1
          115.716179             0.51478                   1
          149.614363             0.51468                   1
          159.582542             0.51476                   1
          163.560509             0.51474                   1
          173.513068             0.51476                   1
          193.433846             0.51483                   1
          199.408565             0.51478                   1
          213.370281             0.51487                   1
          215.367148             0.51472                   1
          221.341704             0.51477                   1
          241.278188             0.51475                   1
          285.144549             0.51486                   1
          293.100381             0.51483                   1
          313.052405             0.51473                   1
          315.033536             0.51480                   1
          321.023832             0.51477                   1
