           18.015237             0.51475                   1
           27.983445             0.51475                   1
           55.891387             0.51476                   1
           73.831135             0.51541                   1
           81.818043             0.51477                   1
          103.766722             0.51488                   1
          109.741499             0.51476                   1
          121.690905             0.51474                   1
          143.639612             0.51490                   1
          147.617508             0.51491                   1
          179.487809             0.51473                   1
          229.328847             0.51474                   1
          235.303507             0.51473                   1
          243.274992             0.51480                   1
          247.237288             0.51471                   1
          251.215886             0.52971                   1
          277.157506             0.51474                   1
          287.125706             0.51480                   1
          297.078312             0.51464                   1
          309.074476             0.51483                   1
          323.005016             0.51474                   1
          338.963513             0.51480                   1
          340.944659             0.51484                   1
