           10.028168             0.51481                   1
           43.926333             0.51471                   1
           65.875129             0.51478                   1
           67.856301             0.51480                   1
           85.811539             0.51484                   1
           91.786235             0.51476                   1
          113.735016             0.51480                   1
          117.697351             0.51465                   1
          131.659116             0.51472                   1
          157.585720             0.51483                   1
          165.541567             0.51481                   1
          167.523637             0.52957                   1
          177.506632             0.51473                   1
          181.468901             0.51487                   1
          189.455978             0.51475                   1
          197.427468             0.51474                   1
          203.386399             0.51486                   1
          231.309970             0.51480                   1
          245.256122             0.51473                   1
          259.202228             0.51472                   1
          261.199010             0.51480                   1
          271.182803             0.51481                   1
          289.122510             0.51478                   1
          324.986187             0.51473                   1
