           25.970536             0.51475                   1
           29.964143             0.51474                   1
           31.945266             0.51477                   1
           49.900675             0.51477                   1
           59.853311             0.51485                   1
           81.802346             0.51476                   1
           89.742645             0.51479                   1
          111.645600             0.52962                   1
          125.622350             0.51475                   1
          129.600197             0.51483                   1
          135.590637             0.51476                   1
          151.564838             0.51479                   1
          153.545982             0.51481                   1
          157.523955             0.51478                   1
          167.492279             0.51482                   1
          187.444480             0.51482                   1
          239.282757             0.51481                   1
          251.232211             0.51482                   1
          275.177914             0.51487                   1
          277.159250             0.51463                   1
          305.098516             0.51474                   1
          313.070007             0.51480                   1
          323.038300             0.51480                   1
          336.969035             0.51484                   1
