            8.030838             0.51494                   1
           10.027431             0.51481                   1
           41.929191             0.51472                   1
           47.919450             0.51477                   1
           57.872228             0.51473                   1
           85.780316             0.51478                   1
           93.720616             0.51481                   1
           95.701768             0.51482                   1
          117.635177             0.51477                   1
          139.568634             0.51543                   1
          165.511138             0.51476                   1
          177.460883             0.51540                   1
          203.403117             0.51477                   1
          217.364982             0.51479                   1
          227.333287             0.51475                   1
          241.263959             0.51476                   1
          267.206537             0.51472                   1
          273.196864             0.51479                   1
          285.146287             0.51480                   1
          295.130200             0.51482                   1
          309.076389             0.51519                   1
          319.045424             0.52966                   1
          330.994236             0.51481                   1
          338.965747             0.51481                   1
