           14.005433             0.51480                   1
           15.986590             0.51477                   1
           51.881827             0.51480                   1
           67.840500             0.51477                   1
           83.784017             0.52994                   1
           87.761484             0.51475                   1
           91.723841             0.51469                   1
          105.685698             0.51477                   1
          107.666895             0.51476                   1
          173.482627             0.51481                   1
          179.457359             0.51484                   1
          199.425162             0.51481                   1
          207.396789             0.51470                   1
          213.371439             0.51487                   1
          225.352183             0.51466                   1
          229.314483             0.51476                   1
          237.301605             0.51479                   1
          245.257492             0.51476                   1
          255.225801             0.51483                   1
          301.120581             0.51472                   1
          325.019483             0.51481                   1
          327.000641             0.51481                   1
          340.946953             0.51481                   1
