           25.959799             0.51479                   1
           29.953326             0.51480                   1
           31.934536             0.51475                   1
           49.889789             0.51483                   1
           59.842443             0.51479                   1
           81.791272             0.51478                   1
           89.731554             0.51475                   1
          111.649161             0.51483                   1
          125.610991             0.51477                   1
          129.604487             0.51484                   1
          135.579195             0.51478                   1
          151.553430             0.51472                   1
          153.534538             0.51469                   1
          157.528082             0.51470                   1
          167.496285             0.51481                   1
          187.432777             0.51479                   1
          239.286351             0.51482                   1
          251.235739             0.51479                   1
          275.165711             0.51477                   1
          277.162498             0.51480                   1
          305.101627             0.51482                   1
          313.058087             0.51527                   1
          323.041379             0.51477                   1
          336.971911             0.51486                   1
