            8.020224             0.51479                   1
           10.016906             0.51472                   1
           41.918321             0.51485                   1
           47.908634             0.51481                   1
           57.861225             0.51484                   1
           85.769198             0.51476                   1
           93.709488             0.51478                   1
           95.690640             0.51478                   1
          117.623901             0.51477                   1
          139.572802             0.51471                   1
          165.515142             0.51478                   1
          177.464546             0.51476                   1
          203.406864             0.51486                   1
          217.353068             0.51479                   1
          227.321312             0.51477                   1
          241.267475             0.51477                   1
          267.209837             0.51485                   1
          273.184551             0.51479                   1
          285.134486             0.51528                   1
          295.133419             0.51481                   1
          309.079576             0.51481                   1
          319.047814             0.51477                   1
          330.981744             0.51529                   1
          338.953069             0.51478                   1
