           13.994736             0.51483                   1
           15.975949             0.51478                   1
           51.870955             0.51477                   1
           67.829522             0.51478                   1
           75.816598             0.51478                   1
           83.788011             0.51482                   1
           87.750404             0.51474                   1
           91.728313             0.51478                   1
          105.674520             0.51475                   1
          107.655632             0.51481                   1
          173.471002             0.51473                   1
          179.445688             0.51481                   1
          207.384845             0.51477                   1
          213.375144             0.51478                   1
          225.340203             0.51476                   1
          229.302440             0.51534                   1
          237.289541             0.51475                   1
          245.245432             0.51477                   1
          255.213623             0.51479                   1
          301.108121             0.51474                   1
          325.022510             0.51482                   1
          327.003653             0.51480                   1
          340.949870             0.51478                   1
