           17.999214             0.69623                   1
           27.965080             0.72212                   1
           53.879663             0.93487                   1
           55.862834             0.79963                   1
           73.828072             0.80992                   1
           81.810765             0.95500                   1
          103.742337             1.23086                   1
          121.657563             0.81917                   1
          143.605823             0.91033                   1
          147.588804             0.88726                   1
          229.348917             0.89297                   1
          235.315104             1.01462                   1
          243.281128             0.82441                   1
          247.247465             0.70598                   1
          251.230488             0.72287                   1
          277.161744             1.00687                   1
          287.127601             0.91276                   1
          297.076801             1.12330                   1
          309.075849             1.10795                   1
          323.008060             0.81539                   1
          338.956784             0.69028                   1
          340.939943             0.73906                   1
