            8.033354             0.51662                   1
           23.982083             0.51660                   1
           33.947964             0.51660                   1
           41.930634             0.51662                   1
           47.896811             0.51663                   1
           93.759800             0.51662                   1
          115.691373             0.51662                   1
          125.640574             0.51660                   1
          149.571980             0.51663                   1
          159.537852             0.51663                   1
          163.520863             0.51667                   1
          173.486737             0.51662                   1
          193.451790             0.51663                   1
          213.400196             0.51662                   1
          215.383369             0.51662                   1
          241.297956             0.51662                   1
          293.093789             0.51662                   1
          313.058859             0.51662                   1
          315.042032             0.51662                   1
          321.024890             0.51664                   1
          326.974408             0.51662                   1
