           17.999214             0.51663                   1
           27.965080             0.51663                   1
           53.879663             0.51663                   1
           55.862834             0.51663                   1
           73.828072             0.51662                   1
           81.810765             0.51662                   1
          103.742337             0.51662                   1
          121.657563             0.51662                   1
          143.605823             0.51660                   1
          147.588804             0.51663                   1
          229.348917             0.51662                   1
          235.315104             0.51661                   1
          243.281128             0.51662                   1
          247.247465             0.51663                   1
          251.230488             0.51662                   1
          277.161744             0.51662                   1
          287.127601             0.51663                   1
          297.076801             0.51663                   1
          309.075849             0.51662                   1
          323.008060             0.51662                   1
          338.956784             0.51662                   1
          340.939943             0.51663                   1
