           10.016525             0.71914                   1
           43.913804             0.81299                   1
           65.845376             0.82483                   1
           67.845216             0.72093                   1
           85.793774             0.71591                   1
          113.708201             0.87278                   1
          117.674547             0.87428                   1
          131.623435             1.11703                   1
          157.554675             0.54514                   1
          165.520706             0.37089                   1
          167.503880             0.45167                   1
          177.469748             0.66152                   1
          181.486150             0.75699                   1
          189.468787             0.70214                   1
          197.434803             0.97591                   1
          203.400992             0.64960                   1
          231.332087             0.81377                   1
          245.264301             0.83318                   1
          259.213203             0.93990                   1
          261.196344             0.94072                   1
          271.178884             0.92592                   1
          289.110773             0.87358                   1
          324.991233             0.68015                   1
