           10.016525             0.51660                   1
           43.913804             0.51662                   1
           65.845376             0.51662                   1
           67.845216             0.49996                   1
           85.793774             0.51662                   1
          113.708201             0.51662                   1
          117.674547             0.51662                   1
          131.623435             0.51662                   1
          157.554675             0.51663                   1
          165.520706             0.51662                   1
          167.503880             0.51662                   1
          177.469748             0.51661                   1
          181.486150             0.51657                   1
          189.468787             0.51661                   1
          197.434803             0.51664                   1
          203.400992             0.51662                   1
          231.332087             0.51662                   1
          245.264301             0.51662                   1
          259.213203             0.51659                   1
          261.196344             0.51663                   1
          271.178884             0.51663                   1
          289.110773             0.51663                   1
          324.991233             0.51662                   1
