            8.024709             0.51486                   1
           33.951196             0.51473                   1
           41.938296             0.51474                   1
           47.912913             0.51473                   1
           93.775914             0.51473                   1
          115.708977             0.51481                   1
          125.661644             0.51471                   1
          149.607024             0.51480                   1
          159.575219             0.51478                   1
          163.553142             0.51478                   1
          173.505628             0.51501                   1
          193.442079             0.51472                   1
          199.401110             0.51474                   1
          213.378393             0.51480                   1
          215.359555             0.51479                   1
          221.349855             0.51479                   1
          241.286208             0.51470                   1
          285.152470             0.51478                   1
          293.093049             0.51532                   1
          313.060248             0.51472                   1
          321.016810             0.52961                   1
