           18.008433             0.51472                   1
           27.976503             0.51478                   1
           53.887543             0.51471                   1
           55.884298             0.51473                   1
           73.839512             0.51480                   1
           81.810908             0.51506                   1
          103.759691             0.51475                   1
          109.734346             0.51525                   1
          121.683687             0.51474                   1
          143.632397             0.51478                   1
          179.480370             0.51474                   1
          229.322165             0.52954                   1
          235.295950             0.51481                   1
          243.267363             0.51479                   1
          247.230504             0.52961                   1
          251.223149             0.51475                   1
          277.165505             0.51469                   1
          287.133581             0.51478                   1
          309.066709             0.51477                   1
          323.012771             0.51483                   1
          338.955727             0.51534                   1
          340.952441             0.51473                   1
