           10.021386             0.51474                   1
           43.919294             0.51483                   1
           65.868000             0.51482                   1
           67.849217             0.51482                   1
           85.804420             0.51480                   1
           91.780090             0.52952                   1
          113.727825             0.51481                   1
          117.690122             0.51476                   1
          131.651870             0.51477                   1
          157.594059             0.51478                   1
          165.549869             0.51470                   1
          167.531062             0.51470                   1
          177.499243             0.51476                   1
          181.461510             0.51477                   1
          189.448559             0.51479                   1
          197.419954             0.51483                   1
          203.394673             0.51479                   1
          231.318056             0.51479                   1
          245.248546             0.51476                   1
          259.210165             0.51485                   1
          261.191361             0.51477                   1
          271.175169             0.51466                   1
          289.114745             0.51480                   1
          324.993979             0.51476                   1
