            8.024709             0.99100                   1
           33.951196             0.77573                   1
           41.938296             1.30836                   1
           47.912913             0.69353                   1
           93.775914             1.11714                   1
          115.708977             0.61542                   1
          125.661644             0.88646                   1
          149.607024             0.76431                   1
          159.575219             0.95580                   1
          163.553142             0.60973                   1
          173.505628             1.09697                   1
          193.442079             0.67987                   1
          199.401110             0.81664                   1
          213.378393             0.71899                   1
          215.359555             0.92172                   1
          221.349855             0.45927                   1
          241.286208             1.29027                   1
          285.152470             0.83868                   1
          293.093049             0.91382                   1
          313.060248             0.90609                   1
          321.016810             0.78123                   1
