           10.021386             0.67425                   1
           43.919294             0.65533                   1
           65.868000             0.79389                   1
           67.849217             0.74068                   1
           85.804420             0.63293                   1
           91.780090             0.84907                   1
          113.727825             0.75664                   1
          117.690122             0.63421                   1
          131.651870             1.04001                   1
          157.594059             0.68107                   1
          165.549869             0.97293                   1
          167.531062             0.64770                   1
          177.499243             0.72722                   1
          181.461510             0.90080                   1
          189.448559             0.62552                   1
          197.419954             0.87791                   1
          203.394673             0.56703                   1
          231.318056             0.90672                   1
          245.248546             0.64790                   1
          259.210165             0.64584                   1
          261.191361             0.61656                   1
          271.175169             0.55242                   1
          289.114745             0.70834                   1
          324.993979             0.76397                   1
