           18.008433             0.58298                   1
           27.976503             0.74264                   1
           53.887543             0.67874                   1
           55.884298             0.68190                   1
           73.839512             1.15023                   1
           81.810908             0.57853                   1
          103.759691             0.78108                   1
          109.734346             0.63019                   1
          121.683687             0.66456                   1
          143.632397             0.61912                   1
          179.480370             0.99400                   1
          229.322165             0.98276                   1
          235.295950             0.84868                   1
          243.267363             1.14904                   1
          247.230504             0.61780                   1
          251.223149             0.71307                   1
          277.165505             0.72995                   1
          287.133581             1.48952                   1
          309.066709             0.73176                   1
          323.012771             0.78524                   1
          338.955727             0.89779                   1
          340.952441             0.63699                   1
