            8.033909             0.51497                   1
           12.011604             0.51488                   1
           31.994812             0.51480                   1
           45.956528             0.51474                   1
           57.921431             0.51468                   1
           69.901933             0.51473                   1
           87.810346             0.51470                   1
          105.781157             0.51484                   1
          107.762316             0.51477                   1
          111.740193             0.51477                   1
          119.696035             0.51477                   1
          123.689533             0.51483                   1
          139.616780             0.51477                   1
          149.600502             0.51516                   1
          159.569513             0.52968                   1
          183.498654             0.51480                   1
          205.401224             0.52974                   1
          213.387564             0.51473                   1
          227.364906             0.51480                   1
          255.288273             0.51481                   1
          293.179835             0.51475                   1
          299.154493             0.51479                   1
