           20.029893             0.51478                   1
           24.007785             0.51477                   1
           39.966211             0.51484                   1
           47.937611             0.51476                   1
           71.883052             0.51479                   1
           89.791480             0.51477                   1
           91.788271             0.51473                   1
           95.812974             0.51478                   1
          101.787626             0.51487                   1
          157.587640             0.51474                   1
          197.460321             0.51478                   1
          203.419451             0.51470                   1
          219.377836             0.51473                   1
          243.323316             0.51486                   1
          259.266121             0.51481                   1
          281.214892             0.51478                   1
          297.157736             0.51473                   1
          307.110464             0.51551                   1
          313.100539             0.51476                   1
          329.074600             0.51481                   1
