           20.029893             0.48145                   1
           24.007785             0.53540                   1
           39.966211             0.60052                   1
           47.937611             0.53283                   1
           71.883052             0.63472                   1
           89.791480             0.54970                   1
           91.788271             0.43284                   1
           95.812974             0.53599                   1
          101.787626             1.37716                   1
          157.587640             0.49541                   1
          197.460321             0.47754                   1
          203.419451             0.57427                   1
          219.377836             0.69531                   1
          243.323316             0.62115                   1
          259.266121             0.78978                   1
          281.214892             0.69639                   1
          297.157736             0.68907                   1
          307.110464             0.73599                   1
          313.100539             0.84172                   1
          329.074600             1.34716                   1
