            8.033909             0.68584                   1
           12.011604             0.42000                   1
           31.994812             0.54012                   1
           45.956528             0.53799                   1
           57.921431             0.53275                   1
           69.901933             0.52781                   1
           87.810346             0.56286                   1
          105.781157             0.49550                   1
          107.762316             0.51491                   1
          111.740193             0.53633                   1
          119.696035             0.50017                   1
          123.689533             0.47458                   1
          139.616780             0.53882                   1
          149.600502             0.68283                   1
          159.569513             0.54553                   1
          183.498654             0.48769                   1
          205.401224             0.54440                   1
          213.387564             0.50183                   1
          227.364906             0.60403                   1
          255.288273             0.65580                   1
          293.179835             0.58705                   1
          299.154493             0.66827                   1
