           10.030489             0.51478                   1
           14.039646             0.51480                   1
           37.985041             0.51478                   1
           73.879912             0.51477                   1
           79.854572             0.51469                   1
           83.848072             0.51472                   1
           85.829173             0.51480                   1
           93.816260             0.51474                   1
          115.718156             0.51475                   1
          127.651880             0.51480                   1
          137.635651             0.51476                   1
          167.555822             0.51476                   1
          169.552590             0.51471                   1
          181.517475             0.51481                   1
          193.466873             0.51475                   1
          233.339982             0.51541                   1
          241.326528             0.51486                   1
          249.298019             0.51477                   1
          261.247925             0.52981                   1
          267.237620             0.51474                   1
          277.221405             0.51474                   1
          289.186928             0.52977                   1
          317.094030             0.51486                   1
          341.055182             0.51470                   1
