           10.030489             0.76116                   1
           14.039646             0.56789                   1
           37.985041             0.47773                   1
           73.879912             0.44575                   1
           79.854572             0.49491                   1
           83.848072             0.44523                   1
           85.829173             0.64016                   1
           93.816260             0.40476                   1
          115.718156             0.54221                   1
          127.651880             0.50413                   1
          137.635651             0.55999                   1
          167.555822             0.60693                   1
          169.552590             0.56207                   1
          181.517475             0.51686                   1
          193.466873             0.56705                   1
          233.339982             0.58078                   1
          241.326528             0.53802                   1
          249.298019             0.58224                   1
          261.247925             0.53005                   1
          267.237620             0.52210                   1
          277.221405             0.59400                   1
          289.186928             0.55612                   1
          317.094030             0.49615                   1
          341.055182             0.71023                   1
