            8.030162             0.51494                   1
           12.007939             0.51480                   1
           31.944300             0.51474                   1
           45.891163             0.52957                   1
           57.870925             0.51474                   1
           69.851460             0.51478                   1
           87.759865             0.51474                   1
          105.668353             0.51473                   1
          107.649450             0.51472                   1
          111.642920             0.51482                   1
          113.624089             0.51477                   1
          119.583236             0.51547                   1
          139.519500             0.51478                   1
          149.503271             0.51484                   1
          159.471453             0.51486                   1
          183.385699             0.51478                   1
          205.303269             0.51475                   1
          213.275441             0.52959                   1
          227.251975             0.51476                   1
          255.175383             0.51470                   1
          293.066873             0.51485                   1
          299.041603             0.51473                   1
          303.019461             0.51479                   1
