           19.979371             0.51477                   1
           23.957264             0.51476                   1
           39.915705             0.51478                   1
           47.887155             0.51470                   1
           71.832604             0.51478                   1
           89.741013             0.51474                   1
           91.722110             0.51505                   1
           95.700080             0.51476                   1
          101.675607             0.52945                   1
          125.557805             0.51479                   1
          157.475545             0.52954                   1
          177.426638             0.51482                   1
          189.375994             0.51480                   1
          197.347408             0.51478                   1
          199.328498             0.51487                   1
          203.306410             0.51517                   1
          219.264912             0.51482                   1
          243.210383             0.51482                   1
          259.153210             0.51484                   1
          281.101898             0.51483                   1
          297.044738             0.51521                   1
          306.998348             0.52943                   1
          312.987675             0.51481                   1
          328.961688             0.51479                   1
