           10.026811             0.51478                   1
           13.989057             0.51482                   1
           37.934538             0.51478                   1
           73.814196             0.52996                   1
           79.804032             0.51477                   1
           83.797519             0.51481                   1
           93.718907             0.51481                   1
          115.605231             0.51477                   1
          127.538923             0.51476                   1
          137.522739             0.51480                   1
          167.458471             0.51481                   1
          169.439714             0.51475                   1
          181.404566             0.51471                   1
          193.353901             0.51482                   1
          233.242163             0.51481                   1
          241.213854             0.51536                   1
          249.185035             0.51482                   1
          261.149962             0.51480                   1
          267.124642             0.51482                   1
          277.108440             0.51477                   1
          289.088985             0.51472                   1
          316.981163             0.51481                   1
          340.942229             0.51477                   1
