           45.906494             0.51478                   1
           57.871526             0.51477                   1
           67.839805             0.51475                   1
           81.770354             0.51480                   1
           83.767150             0.51471                   1
           99.709958             0.51481                   1
          129.568310             0.51535                   1
          137.555039             0.51475                   1
          149.535609             0.51483                   1
          165.494131             0.51486                   1
          207.395103             0.51479                   1
          235.334203             0.51479                   1
          267.235722             0.51467                   1
          281.181860             0.51485                   1
          285.159772             0.51486                   1
          291.134499             0.51479                   1
          293.115712             0.51476                   1
          299.090360             0.51484                   1
          309.058639             0.51476                   1
          315.017762             0.51475                   1
          322.989153             0.51483                   1
          338.963341             0.51477                   1
          340.944551             0.51472                   1
