            8.030456             0.51496                   1
           16.001759             0.51468                   1
           17.983783             0.52959                   1
           31.944739             0.51479                   1
           39.931809             0.51476                   1
           43.909738             0.51478                   1
           47.887678             0.51482                   1
           77.808002             0.51476                   1
           85.748282             0.51480                   1
          103.703573             0.51480                   1
          107.681466             0.51482                   1
          115.637361             0.51477                   1
          121.627695             0.51477                   1
          157.507063             0.51508                   1
          167.476023             0.52968                   1
          233.337632             0.51547                   1
          255.286371             0.51472                   1
          257.267497             0.51472                   1
          275.207206             0.51480                   1
          289.137719             0.51532                   1
          305.065107             0.51484                   1
          321.007994             0.51479                   1
          332.973070             0.51474                   1
