           14.020600             0.51486                   1
           23.973290             0.51473                   1
           29.963581             0.51473                   1
           61.849441             0.51474                   1
           79.789153             0.51474                   1
           89.726190             0.51475                   1
          111.675121             0.51471                   1
          113.656207             0.51476                   1
          123.608827             0.51481                   1
          145.542064             0.51475                   1
          179.471495             0.51487                   1
          185.446248             0.51471                   1
          189.439758             0.51487                   1
          191.420917             0.51479                   1
          195.399140             0.51540                   1
          219.375694             0.51474                   1
          225.365976             0.51480                   1
          241.308898             0.51480                   1
          251.292695             0.51485                   1
          259.248626             0.51479                   1
          273.226012             0.51477                   1
          279.185131             0.51478                   1
          295.096856             0.51482                   1
          313.036567             0.51480                   1
