           13.995582             0.50499                   1
           15.980577             0.50999                   1
           51.894999             0.50502                   1
           67.849724             0.52000                   1
           75.834592             0.51997                   1
           83.809478             0.51499                   1
           87.794396             0.50497                   1
          105.724078             0.50493                   1
          107.708963             0.52010                   1
          173.547929             0.51999                   1
          179.532890             0.50493                   1
          199.502565             0.51994                   1
          213.457249             0.52005                   1
          225.442107             0.50494                   1
          229.417019             0.50508                   1
          237.401902             0.50495                   1
          245.356761             0.50994                   1
          255.331634             0.51997                   1
          301.240796             0.52004                   1
          325.165470             0.50998                   1
          327.420467             0.51995                   1
          341.365123             0.52004                   1
