            8.025838             0.50487                   1
           10.010665             0.50494                   1
           41.925110             0.52002                   1
           47.910016             0.52006                   1
           57.879873             0.50501                   1
           85.794439             0.51997                   1
           93.749263             0.51003                   1
           95.739239             0.50497                   1
          117.678810             0.52004                   1
          139.633555             0.51000                   1
          165.578098             0.51512                   1
          177.547910             0.50495                   1
          217.457256             0.50498                   1
          227.417127             0.51990                   1
          241.371856             0.51996                   1
          267.326404             0.50497                   1
          273.311336             0.50492                   1
          285.271031             0.52005                   1
          295.255959             0.51999                   1
          309.225731             0.50499                   1
          319.195542             0.50497                   1
          331.405329             0.52000                   1
          339.375177             0.52002                   1
