           25.965417             0.67391                   1
           29.950320             0.94489                   1
           31.940307             0.69084                   1
           49.910002             1.12867                   1
           59.864824             0.62160                   1
           81.819476             0.84235                   1
           89.779299             0.50638                   1
          111.694031             0.59912                   1
          125.663762             0.71704                   1
          129.663715             0.70895                   1
          135.648566             0.77196                   1
          151.618323             0.83383                   1
          153.603320             0.64875                   1
          157.593251             0.61072                   1
          167.563050             0.80068                   1
          187.517722             0.92550                   1
          239.386880             0.58310                   1
          251.341668             0.73996                   1
          275.296278             0.72071                   1
          277.286267             0.82670                   1
          305.225773             1.13446                   1
          313.210529             1.42152                   1
          323.180491             0.66735                   1
          337.390270             0.96922                   1
