            8.025838             0.72592                   1
           10.010665             0.66098                   1
           41.925110             0.86576                   1
           47.910016             0.71272                   1
           57.879873             1.14261                   1
           85.794439             0.65931                   1
           93.749263             0.63233                   1
           95.739239             0.54630                   1
          117.678810             0.67819                   1
          139.633555             0.60289                   1
          165.578098             0.88170                   1
          177.547910             0.90355                   1
          217.457256             0.61720                   1
          227.417127             0.78511                   1
          241.371856             0.64602                   1
          267.326404             0.88285                   1
          273.311336             0.58579                   1
          285.271031             0.64179                   1
          295.255959             0.89651                   1
          309.225731             0.75849                   1
          319.195542             0.79642                   1
          331.405329             0.72228                   1
          339.375177             0.68822                   1
