           25.965417             0.50997                   1
           29.950320             0.52016                   1
           31.940307             0.51992                   1
           49.910002             0.50504                   1
           59.864824             0.52003                   1
           81.819476             0.52013                   1
           89.779299             0.50499                   1
          111.694031             0.51997                   1
          125.663762             0.52002                   1
          129.663715             0.50495                   1
          135.648566             0.50495                   1
          151.618323             0.51999                   1
          153.603320             0.50991                   1
          157.593251             0.51501                   1
          167.563050             0.52002                   1
          187.517722             0.50498                   1
          239.386880             0.50497                   1
          251.341668             0.51999                   1
          275.296278             0.50998                   1
          277.286267             0.50495                   1
          305.225773             0.51998                   1
          313.210529             0.50506                   1
          323.180491             0.51998                   1
          337.390270             0.50990                   1
