            8.021312             0.51488                   1
           23.979739             0.51478                   1
           33.947940             0.51472                   1
           41.935010             0.51481                   1
           47.909714             0.51477                   1
           93.773001             0.51481                   1
          115.706205             0.51472                   1
          125.658762             0.51489                   1
          159.572706             0.51474                   1
          173.503251             0.51478                   1
          193.424174             0.51474                   1
          199.398843             0.51478                   1
          213.360650             0.51473                   1
          215.357321             0.51485                   1
          221.332079             0.51476                   1
          241.268582             0.51479                   1
          285.135059             0.51470                   1
          315.024167             0.51476                   1
          321.014458             0.51483                   1
          326.973542             0.51476                   1
