           18.005013             0.73042                   1
           27.973234             0.61806                   1
           53.884379             0.64221                   1
           55.881237             0.56530                   1
           73.820896             0.61719                   1
           81.807915             0.82995                   1
          103.756757             0.87256                   1
          109.731512             0.66563                   1
          121.680930             0.65993                   1
          143.629729             1.08658                   1
          147.607730             0.67649                   1
          179.477943             0.73349                   1
          229.319165             0.72299                   1
          235.293920             1.16407                   1
          243.265351             0.52052                   1
          247.227628             0.52612                   1
          251.205603             1.23599                   1
          277.147999             0.92498                   1
          287.116232             0.80453                   1
          297.068830             0.62771                   1
          309.065063             0.80716                   1
          322.995623             0.85227                   1
          338.954252             0.84523                   1
          340.935344             0.74408                   1
