           18.005013             0.51474                   1
           27.973234             0.51475                   1
           53.884379             0.51476                   1
           55.881237             0.51476                   1
           73.820896             0.51532                   1
           81.807915             0.51478                   1
          103.756757             0.51489                   1
          109.731512             0.51476                   1
          121.680930             0.51479                   1
          143.629729             0.51478                   1
          147.607730             0.51475                   1
          179.477943             0.51475                   1
          229.319165             0.51483                   1
          235.293920             0.51472                   1
          243.265351             0.51477                   1
          247.227628             0.51487                   1
          251.205603             0.51523                   1
          277.147999             0.51480                   1
          287.116232             0.51473                   1
          297.068830             0.51482                   1
          309.065063             0.51479                   1
          322.995623             0.51482                   1
          338.954252             0.51472                   1
          340.935344             0.51479                   1
