            8.021312             0.90645                   1
           23.979739             0.73959                   1
           33.947940             0.65118                   1
           41.935010             0.62445                   1
           47.909714             0.64102                   1
           93.773001             0.64860                   1
          115.706205             0.68284                   1
          125.658762             0.69004                   1
          159.572706             0.95918                   1
          173.503251             1.10035                   1
          193.424174             0.62690                   1
          199.398843             0.78806                   1
          213.360650             0.73789                   1
          215.357321             0.72520                   1
          221.332079             0.87830                   1
          241.268582             0.87726                   1
          285.135059             0.91372                   1
          315.024167             0.87985                   1
          321.014458             0.88948                   1
          326.973542             0.68226                   1
