           10.017878             0.51483                   1
           43.916130             0.51478                   1
           65.865036             0.51476                   1
           67.846171             0.51472                   1
           85.801513             0.51475                   1
           91.776185             0.51479                   1
          113.725033             0.51473                   1
          117.687414             0.51469                   1
          131.649138             0.51484                   1
          157.575884             0.51479                   1
          165.531738             0.51483                   1
          167.513100             0.51536                   1
          177.496863             0.51477                   1
          181.459169             0.51474                   1
          189.446234             0.51475                   1
          197.417703             0.51476                   1
          203.376782             0.51478                   1
          231.300317             0.51478                   1
          245.246529             0.51473                   1
          259.192691             0.51476                   1
          261.174648             0.52957                   1
          271.173249             0.51489                   1
          289.097685             0.51541                   1
          324.976772             0.51476                   1
