           10.017878             0.51512                   1
           43.916130             0.65869                   1
           65.865036             0.61324                   1
           67.846171             0.57601                   1
           85.801513             0.67625                   1
           91.776185             0.51742                   1
          113.725033             0.55206                   1
          117.687414             0.54157                   1
          131.649138             0.77950                   1
          157.575884             0.81210                   1
          165.531738             0.68007                   1
          167.513100             0.61061                   1
          177.496863             0.61858                   1
          181.459169             0.50427                   1
          189.446234             0.60493                   1
          197.417703             0.72125                   1
          203.376782             0.72205                   1
          231.300317             0.64586                   1
          245.246529             0.52329                   1
          259.192691             0.73676                   1
          261.174648             1.14673                   1
          271.173249             0.88385                   1
          289.097685             0.59102                   1
          324.976772             0.55104                   1
