          217.322901             0.51480                   1
          241.268436             0.51470                   1
          273.169870             0.51477                   1
          297.084171             0.51479                   1
          307.052401             0.51483                   1
          322.995292             0.51480                   1
          326.973243             0.51478                   1
          334.960303             0.51478                   1
           97.797987             0.51482                   1
          159.557181             0.51484                   1
          265.182785             0.51477                   1
          303.074540             0.51473                   1
          313.027089             0.51479                   1
          336.941445             0.51475                   1
          235.293795             0.51481                   1
          239.287316             0.51479                   1
          247.243283             0.51528                   1
          261.204890             0.51479                   1
          277.163347             0.51482                   1
          295.103025             0.51478                   1
          317.005040             0.51477                   1
