           27.958128             0.51484                   1
           83.836258             0.51480                   1
           93.820071             0.51483                   1
          103.788290             0.51479                   1
          137.640051             0.51534                   1
          141.633180             0.51472                   1
          157.576128             0.51464                   1
          165.531859             0.51480                   1
          181.459159             0.51483                   1
          187.449472             0.51479                   1
          191.411738             0.51477                   1
          211.363756             0.51484                   1
          215.341802             0.51473                   1
          229.304315             0.52953                   1
          255.230157             0.51481                   1
          281.125729             0.51472                   1
          311.030302             0.51480                   1
