            8.021810             0.51483                   1
           13.996386             0.51478                   1
           21.983479             0.51479                   1
           35.929806             0.51538                   1
           37.926349             0.51473                   1
           71.840022             0.51483                   1
          107.750616             0.51473                   1
          111.728480             0.51482                   1
          117.703183             0.51488                   1
          131.664939             0.51471                   1
          163.535090             0.51483                   1
          167.513095             0.51476                   1
          179.478016             0.51479                   1
          189.430604             0.51480                   1
          205.389129             0.51472                   1
          209.367030             0.51475                   1
          257.226949             0.51475                   1
          279.144504             0.51481                   1
