           10.018503             0.51475                   1
           23.964559             0.51481                   1
           45.913358             0.51478                   1
           55.897227             0.51476                   1
           57.878392             0.51469                   1
           65.865409             0.51473                   1
          105.769428             0.51477                   1
          109.731771             0.51515                   1
          121.696731             0.51469                   1
          129.683788             0.51473                   1
          147.623447             0.51475                   1
          153.598134             0.51478                   1
          155.579257             0.51509                   1
          177.496846             0.51483                   1
          201.395837             0.51528                   1
          293.106232             0.51496                   1
