           10.004100             0.51661                   1
           43.918338             0.51664                   1
           65.850121             0.51663                   1
           67.833319             0.51662                   1
           85.782049             0.51659                   1
           91.764957             0.51662                   1
          113.696724             0.51664                   1
          117.663103             0.51664                   1
          131.628784             0.51665                   1
          157.560284             0.51662                   1
          165.509709             0.51664                   1
          167.492910             0.51662                   1
          177.458862             0.51663                   1
          181.425300             0.51658                   1
          189.408023             0.51663                   1
          197.374117             0.51663                   1
          203.340368             0.51663                   1
          231.271714             0.51662                   1
          245.204055             0.51662                   1
          259.153073             0.51662                   1
          261.136270             0.51663                   1
          271.118890             0.51663                   1
          289.050934             0.51664                   1
          324.931730             0.51662                   1
