            8.020896             0.51663                   1
           23.969768             0.51671                   1
           33.952415             0.51660                   1
           41.935161             0.51663                   1
           47.901403             0.51663                   1
           93.748137             0.51664                   1
          115.679925             0.51662                   1
          125.645891             0.51662                   1
          149.577509             0.51663                   1
          159.543480             0.51663                   1
          173.475829             0.51661                   1
          193.391074             0.51662                   1
          199.357305             0.51664                   1
          213.339659             0.51661                   1
          215.322849             0.51663                   1
          221.305757             0.51663                   1
          241.237669             0.51662                   1
          285.084555             0.51663                   1
          293.034004             0.51662                   1
          312.999247             0.51661                   1
          314.982440             0.51662                   1
          320.965314             0.51666                   1
          326.914920             0.51663                   1
