           17.986882             0.51660                   1
           27.969484             0.51663                   1
           53.884313             0.51662                   1
           55.867497             0.51663                   1
           73.816305             0.51656                   1
           81.799006             0.51663                   1
          103.730776             0.51661                   1
          109.713673             0.51663                   1
          121.662832             0.49996                   1
          143.611275             0.51662                   1
          147.594326             0.51663                   1
          179.442061             0.51663                   1
          229.288528             0.51663                   1
          235.254789             0.51660                   1
          243.220830             0.51665                   1
          247.187245             0.51663                   1
          251.170320             0.51660                   1
          287.067746             0.51665                   1
          297.017040             0.51663                   1
          309.016186             0.51664                   1
          322.948544             0.51661                   1
          338.897408             0.51662                   1
          340.880598             0.51662                   1
