            8.020896             1.06691                   1
           23.969768             1.08574                   1
           33.952415             1.01494                   1
           41.935161             1.08005                   1
           47.901403             1.15371                   1
           93.748137             1.01017                   1
          115.679925             1.11799                   1
          125.645891             0.79182                   1
          149.577509             1.19581                   1
          159.543480             1.34176                   1
          173.475829             0.80106                   1
          193.391074             0.77346                   1
          199.357305             1.12715                   1
          213.339659             0.88852                   1
          215.322849             1.14528                   1
          221.305757             1.22627                   1
          241.237669             0.89404                   1
          285.084555             1.04635                   1
          293.034004             1.00078                   1
          312.999247             1.13916                   1
          314.982440             1.01994                   1
          320.965314             0.97302                   1
          326.914920             0.87131                   1
