           17.986882             1.12475                   1
           27.969484             1.18999                   1
           53.884313             0.90670                   1
           55.867497             1.01944                   1
           73.816305             0.79034                   1
           81.799006             1.02353                   1
          103.730776             1.02733                   1
          109.713673             1.16437                   1
          121.662832             0.76698                   1
          143.611275             1.16216                   1
          147.594326             1.05213                   1
          179.442061             0.87471                   1
          229.288528             0.87538                   1
          235.254789             0.94903                   1
          243.220830             0.85487                   1
          247.187245             0.88833                   1
          251.170320             0.71326                   1
          287.067746             1.10314                   1
          297.017040             0.90571                   1
          309.016186             1.09835                   1
          322.948544             0.94975                   1
          338.897408             1.02459                   1
          340.880598             0.96941                   1
