           10.004100             1.04367                   1
           43.918338             1.06484                   1
           65.850121             1.15664                   1
           67.833319             1.06943                   1
           85.782049             1.05639                   1
           91.764957             1.01737                   1
          113.696724             1.06922                   1
          117.663103             1.08675                   1
          131.628784             1.00084                   1
          157.560284             1.06889                   1
          165.509709             0.76733                   1
          167.492910             0.81606                   1
          177.458862             0.96196                   1
          181.425300             0.57944                   1
          189.408023             0.94858                   1
          197.374117             1.03834                   1
          203.340368             1.08801                   1
          231.271714             0.97216                   1
          245.204055             0.90356                   1
          259.153073             0.93030                   1
          261.136270             1.00310                   1
          271.118890             0.86832                   1
          289.050934             0.92800                   1
          324.931730             0.88656                   1
