           79.785842             0.51662                   1
          191.410259             0.51662                   1
          257.171679             0.49996                   1
          175.478193             0.51663                   1
          231.240404             0.51663                   1
          255.171831             0.51663                   1
          219.308035             0.51662                   1
          301.018182             0.51662                   1
          305.001200             0.51662                   1
          323.316409             0.51661                   1
