           15.990915             0.51662                   1
           73.786316             0.51662                   1
           91.751548             0.51662                   1
           93.734720             0.51662                   1
          103.700600             0.51662                   1
          121.649164             0.51662                   1
          123.632334             0.51662                   1
          155.529779             0.51663                   1
          163.512477             0.51664                   1
          167.495495             0.51663                   1
          193.393432             0.51662                   1
          195.376609             0.51662                   1
          197.359784             0.51662                   1
          215.325021             0.51662                   1
          225.274224             0.51662                   1
          249.188970             0.51662                   1
          263.137868             0.51662                   1
          287.069297             0.51662                   1
          289.052466             0.51662                   1
          331.299101             0.51662                   1
          335.265445             0.51662                   1
