           14.007768             0.51660                   1
           23.956960             0.51662                   1
           41.922196             0.51662                   1
           45.905209             0.51662                   1
           55.871071             0.51662                   1
           57.854241             0.51663                   1
           85.768692             0.51662                   1
          101.717417             0.51662                   1
          105.683766             0.51662                   1
          109.666785             0.51661                   1
          131.598366             0.51661                   1
          147.563762             0.51662                   1
          153.546620             0.51662                   1
          181.461051             0.51662                   1
          187.427243             0.51662                   1
          229.257242             0.51662                   1
          237.223262             0.51662                   1
          271.103941             0.51657                   1
          299.035009             0.51662                   1
          307.367731             0.51656                   1
          333.282271             0.51664                   1
