            8.024891             0.86284                   1
           17.974084             0.80939                   1
           31.939676             1.33944                   1
           53.887895             1.51061                   1
           63.837112             0.92917                   1
           65.820271             1.16194                   1
           67.803446             0.87474                   1
          127.615358             0.90924                   1
          139.581071             0.93520                   1
          179.477878             0.85333                   1
          185.444072             0.89501                   1
          209.342164             0.95626                   1
          223.291048             0.67905                   1
          247.205803             1.41165                   1
          261.154693             1.19039                   1
          267.120886             0.65608                   1
          275.086908             0.99378                   1
          309.350846             0.71296                   1
          319.333388             0.87415                   1
          341.248303             1.39066                   1
