           15.990915             0.96865                   1
           73.786316             0.85968                   1
           91.751548             0.89398                   1
           93.734720             0.82276                   1
          103.700600             1.23263                   1
          121.649164             1.13160                   1
          123.632334             0.99637                   1
          155.529779             1.09009                   1
          163.512477             1.44315                   1
          167.495495             0.98802                   1
          193.393432             1.00944                   1
          195.376609             1.18622                   1
          197.359784             0.95499                   1
          215.325021             1.06126                   1
          225.274224             0.65579                   1
          249.188970             1.36440                   1
          263.137868             1.15115                   1
          287.069297             1.26709                   1
          289.052466             0.94789                   1
          331.299101             0.78813                   1
          335.265445             1.32566                   1
