            8.030021             0.88165                   1
           10.026642             0.54897                   1
           41.927931             0.68669                   1
           47.918206             0.75218                   1
           57.870792             0.62335                   1
           85.778564             0.83475                   1
           93.718811             0.80619                   1
           95.699935             0.76100                   1
          117.633023             0.76325                   1
          139.581806             0.73377                   1
          165.508786             0.66999                   1
          177.473177             0.61722                   1
          217.361644             0.81554                   1
          227.329775             0.69511                   1
          241.275931             0.83651                   1
          267.202561             0.84507                   1
          273.192787             0.79070                   1
          285.142193             0.72094                   1
          295.125993             0.76082                   1
          309.087598             0.81480                   1
          319.055782             0.79028                   1
          330.989529             0.90417                   1
          338.960919             1.30049                   1
