            8.030021             0.51505                   1
           10.026642             0.51478                   1
           41.927931             0.51481                   1
           47.918206             0.51475                   1
           57.870792             0.51475                   1
           85.778564             0.51464                   1
           93.718811             0.51474                   1
           95.699935             0.51478                   1
          117.633023             0.51477                   1
          139.581806             0.51473                   1
          165.508786             0.51539                   1
          177.473177             0.51496                   1
          217.361644             0.51477                   1
          227.329775             0.51480                   1
          241.275931             0.51472                   1
          267.202561             0.51531                   1
          273.192787             0.51478                   1
          285.142193             0.51464                   1
          295.125993             0.51546                   1
          309.087598             0.51476                   1
          319.055782             0.51480                   1
          330.989529             0.51474                   1
          338.960919             0.51478                   1
