           14.004520             0.51478                   1
           15.985706             0.51475                   1
           51.880499             0.51476                   1
           67.838949             0.51475                   1
           75.825981             0.51475                   1
           83.797367             0.51479                   1
           87.759711             0.51473                   1
           91.722736             0.52967                   1
          107.664847             0.51476                   1
          173.479812             0.51472                   1
          179.454437             0.51483                   1
          207.393463             0.51473                   1
          213.383710             0.51480                   1
          225.348628             0.51472                   1
          229.310970             0.51476                   1
          237.297926             0.51483                   1
          245.253766             0.51481                   1
          255.222000             0.51468                   1
          301.116156             0.51478                   1
          327.011650             0.51468                   1
          340.942037             0.51570                   1
