           14.004520             1.00295                   1
           15.985706             1.06974                   1
           51.880499             0.72582                   1
           67.838949             1.39890                   1
           75.825981             0.72361                   1
           83.797367             0.79192                   1
           87.759711             0.71813                   1
           91.722736             1.09832                   1
          107.664847             1.07574                   1
          173.479812             1.32268                   1
          179.454437             0.71590                   1
          207.393463             0.98405                   1
          213.383710             1.08161                   1
          225.348628             0.86029                   1
          229.310970             0.93783                   1
          237.297926             1.03864                   1
          245.253766             0.91453                   1
          255.222000             0.69806                   1
          301.116156             0.76248                   1
          327.011650             0.81815                   1
          340.942037             1.23929                   1
