           25.969421             0.72572                   1
           29.962963             0.69201                   1
           31.944155             0.64678                   1
           59.851915             0.65814                   1
           81.800597             0.86079                   1
           89.740832             0.67232                   1
          111.658415             0.85806                   1
          125.620064             0.68795                   1
          129.613639             0.66222                   1
          135.588264             0.71944                   1
          151.562310             0.73696                   1
          153.543435             0.88373                   1
          157.536948             0.97807                   1
          167.505150             0.72158                   1
          187.441520             0.80860                   1
          239.279108             0.76138                   1
          251.244044             1.07609                   1
          275.173915             0.75352                   1
          277.170708             0.72466                   1
          305.109713             0.61683                   1
          313.065501             0.73277                   1
          323.034111             0.76445                   1
          336.979783             0.74572                   1
