           25.969421             0.51474                   1
           29.962963             0.51482                   1
           31.944155             0.51483                   1
           59.851915             0.51483                   1
           81.800597             0.51481                   1
           89.740832             0.51477                   1
          111.658415             0.51468                   1
          125.620064             0.51478                   1
          129.613639             0.51474                   1
          135.588264             0.51476                   1
          151.562310             0.51477                   1
          153.543435             0.51477                   1
          157.536948             0.51469                   1
          167.505150             0.51477                   1
          187.441520             0.51475                   1
          239.279108             0.51523                   1
          251.244044             0.51482                   1
          275.173915             0.51479                   1
          277.170708             0.51476                   1
          305.109713             0.51478                   1
          313.065501             0.51482                   1
          323.034111             0.53009                   1
          336.979783             0.51473                   1
