           10.021311             0.51471                   1
           41.922781             0.51476                   1
           47.913071             0.51475                   1
           57.865682             0.51481                   1
           85.773702             0.51475                   1
           93.713925             0.51476                   1
           95.695122             0.51470                   1
          117.628358             0.51473                   1
          139.562422             0.52960                   1
          165.503933             0.51474                   1
          177.468895             0.51476                   1
          203.395714             0.51480                   1
          217.357455             0.51481                   1
          241.256281             0.51482                   1
          267.198738             0.51473                   1
          273.189025             0.51474                   1
          285.138397             0.51477                   1
          295.122290             0.51477                   1
          309.083963             0.51478                   1
          319.052293             0.51469                   1
          330.986042             0.51483                   1
