           29.957752             0.51474                   1
           31.938903             0.51477                   1
           13.999213             0.51477                   1
           51.875365             0.51483                   1
           67.833929             0.51481                   1
           91.717177             0.51472                   1
          107.660153             0.51471                   1
          325.011363             0.51471                   1
            8.024731             0.51490                   1
          227.325726             0.51477                   1
          338.957527             0.51479                   1
