           15.980317             0.51478                   1
           75.821023             0.51476                   1
           83.777838             0.52943                   1
           87.754877             0.51474                   1
          105.678934             0.51472                   1
          173.475414             0.51473                   1
          179.450120             0.51473                   1
          199.417780             0.51484                   1
          207.389266             0.51481                   1
          213.363979             0.51477                   1
          225.344655             0.51473                   1
          229.306930             0.51471                   1
          237.293996             0.51474                   1
          245.249901             0.51476                   1
          255.218106             0.51477                   1
          301.112499             0.51477                   1
          326.993026             0.52989                   1
          340.938674             0.51479                   1
