           25.964202             0.51475                   1
           49.894200             0.51478                   1
           59.846906             0.51474                   1
           81.795698             0.51474                   1
           89.735987             0.51471                   1
          111.653613             0.51474                   1
          125.615407             0.51473                   1
          129.593317             0.51532                   1
          135.583614             0.51476                   1
          151.557768             0.51482                   1
          153.538952             0.51475                   1
          157.516859             0.51479                   1
          167.485438             0.51548                   1
          187.437236             0.51473                   1
          239.275093             0.51481                   1
          251.224567             0.51476                   1
          275.170232             0.51470                   1
          277.151327             0.51478                   1
          305.090552             0.51470                   1
          313.061982             0.51476                   1
          323.030228             0.51476                   1
          336.976399             0.51468                   1
