           18.016269             0.58320                   1
           27.984470             0.59878                   1
           53.895590             1.09501                   1
           55.892403             0.69815                   1
           73.847729             0.95835                   1
          103.767978             0.87734                   1
          109.742682             1.03846                   1
          121.692069             0.84881                   1
          143.641010             1.16334                   1
          147.619672             0.70456                   1
          179.489182             0.85024                   1
          229.330369             0.73579                   1
          235.305113             0.80093                   1
          243.276557             0.63734                   1
          247.238869             0.71491                   1
          251.232438             0.60123                   1
          277.174817             1.21813                   1
          287.142990             0.89774                   1
          297.095729             0.76880                   1
          323.022508             0.63338                   1
          338.965397             0.73808                   1
          340.962199             0.78121                   1
