           10.029161             0.51474                   1
           43.927384             0.51479                   1
           65.876268             0.51477                   1
           67.857438             0.51476                   1
           85.812667             0.51477                   1
          113.736274             0.51481                   1
          117.698620             0.51477                   1
          131.660365             0.51473                   1
          165.543078             0.51555                   1
          167.539741             0.51485                   1
          177.507941             0.51480                   1
          181.470332             0.51472                   1
          189.457427             0.51480                   1
          197.428871             0.51484                   1
          203.403627             0.51472                   1
          231.327179             0.51473                   1
          245.257706             0.51482                   1
          259.219513             0.51472                   1
          261.200640             0.51486                   1
          271.184504             0.51477                   1
          289.124226             0.51472                   1
          325.003654             0.51478                   1
