           18.016269             0.51471                   1
           27.984470             0.51476                   1
           53.895590             0.51480                   1
           55.892403             0.51489                   1
           73.847729             0.51477                   1
          103.767978             0.51481                   1
          109.742682             0.51477                   1
          121.692069             0.51482                   1
          143.641010             0.51475                   1
          147.619672             0.52961                   1
          179.489182             0.51481                   1
          229.330369             0.51486                   1
          235.305113             0.51476                   1
          243.276557             0.51473                   1
          247.238869             0.51477                   1
          251.232438             0.51480                   1
          277.174817             0.51473                   1
          287.142990             0.51485                   1
          297.095729             0.51474                   1
          323.022508             0.51471                   1
          338.965397             0.51478                   1
          340.962199             0.51476                   1
