            8.032532             0.51501                   1
           23.990934             0.51468                   1
           33.959090             0.51484                   1
           41.946217             0.51488                   1
           47.920953             0.51479                   1
           93.784157             0.51481                   1
          115.717416             0.51483                   1
          125.670039             0.51479                   1
          149.615743             0.51465                   1
          159.583940             0.51474                   1
          163.561881             0.51483                   1
          173.514522             0.51475                   1
          193.450915             0.51488                   1
          199.410046             0.51480                   1
          213.387485             0.51471                   1
          215.368585             0.51476                   1
          221.358931             0.51467                   1
          241.295373             0.51480                   1
          285.147293             0.52937                   1
          293.102132             0.51473                   1
          315.050995             0.51478                   1
          321.025839             0.51533                   1
