           10.029161             0.84255                   1
           43.927384             0.79945                   1
           65.876268             0.77803                   1
           67.857438             0.66083                   1
           85.812667             0.75315                   1
          113.736274             0.74876                   1
          117.698620             0.63436                   1
          131.660365             0.61627                   1
          165.543078             0.51670                   1
          167.539741             0.51504                   1
          177.507941             0.88754                   1
          181.470332             0.76504                   1
          189.457427             0.65777                   1
          197.428871             1.01413                   1
          203.403627             0.61521                   1
          231.327179             0.69096                   1
          245.257706             0.68812                   1
          259.219513             0.66197                   1
          261.200640             0.69675                   1
          271.184504             0.80868                   1
          289.124226             0.67650                   1
          325.003654             0.58820                   1
