            8.032532             0.69521                   1
           23.990934             0.83240                   1
           33.959090             0.85595                   1
           41.946217             1.10070                   1
           47.920953             0.87778                   1
           93.784157             0.89348                   1
          115.717416             0.67964                   1
          125.670039             0.83076                   1
          149.615743             0.74046                   1
          159.583940             0.82801                   1
          163.561881             0.76196                   1
          173.514522             0.91305                   1
          193.450915             0.88815                   1
          199.410046             0.78490                   1
          213.387485             0.74309                   1
          215.368585             0.80197                   1
          221.358931             0.90744                   1
          241.295373             0.79452                   1
          285.147293             0.93350                   1
          293.102132             0.85850                   1
          315.050995             0.66910                   1
          321.025839             0.61405                   1
