           16.001972             0.51481                   1
           73.815003             0.51510                   1
           79.805407             0.51476                   1
           91.770429             0.51472                   1
           93.767252             0.51472                   1
          103.735493             0.51480                   1
          121.676215             0.52943                   1
          123.672119             0.51481                   1
          155.573905             0.51471                   1
          163.560912             0.51481                   1
          167.538865             0.51481                   1
          191.453421             0.51484                   1
          193.434704             0.51466                   1
          195.415772             0.51488                   1
          197.412659             0.51481                   1
          215.368526             0.52987                   1
          225.336299             0.51470                   1
          249.250875             0.51473                   1
          257.222414             0.51477                   1
          263.197103             0.51489                   1
          287.127310             0.51477                   1
          289.108460             0.51483                   1
          330.994061             0.51476                   1
          334.956434             0.51475                   1
