           14.020848             0.51474                   1
           23.973546             0.51478                   1
           41.944540             0.51478                   1
           45.922462             0.51535                   1
           55.891559             0.52963                   1
           57.887556             0.51475                   1
           85.795722             0.51479                   1
          101.738720             0.51476                   1
          105.716731             0.51470                   1
          109.694698             0.51474                   1
          131.643613             0.51483                   1
          147.602237             0.51483                   1
          153.592602             0.51486                   1
          175.526016             0.51476                   1
          181.500713             0.51482                   1
          187.460841             0.52942                   1
          229.314266             0.51479                   1
          231.295426             0.51479                   1
          237.285828             0.51473                   1
          255.241246             0.51477                   1
          271.153134             0.51541                   1
          299.092370             0.51475                   1
          307.048279             0.51476                   1
          332.975251             0.51477                   1
