            8.030652             0.51502                   1
           17.983936             0.52957                   1
           31.960648             0.51478                   1
           53.909592             0.51480                   1
           63.862296             0.51479                   1
           65.859115             0.51483                   1
           67.840264             0.51473                   1
          127.650079             0.51479                   1
          139.615179             0.51489                   1
          179.519522             0.51487                   1
          209.393265             0.51479                   1
          219.361594             0.51476                   1
          223.339517             0.51475                   1
          247.269743             0.51473                   1
          261.200318             0.51479                   1
          267.175097             0.51480                   1
          275.146555             0.51483                   1
          301.089177             0.51477                   1
          305.067078             0.51483                   1
          309.029985             0.52981                   1
          319.028970             0.51477                   1
          323.006921             0.51483                   1
