           15.992884             0.50999                   1
           73.841964             0.51993                   1
           79.821869             0.51989                   1
           91.801538             0.51003                   1
           93.791517             0.52001                   1
          103.771419             0.49998                   1
          121.721143             0.51995                   1
          123.711060             0.50994                   1
          155.630571             0.50990                   1
          163.620406             0.50994                   1
          167.600324             0.53006                   1
          191.529920             0.52008                   1
          193.509928             0.51998                   1
          195.499840             0.51016                   1
          197.499818             0.50008                   1
          215.459614             0.51994                   1
          225.429390             0.52001                   1
          249.359144             0.50986                   1
          257.328984             0.51985                   1
          263.308715             0.51000                   1
          287.258361             0.51998                   1
          289.238339             0.51993                   1
          331.137670             0.52001                   1
          335.117572             0.51008                   1
