           14.012959             0.51991                   1
           23.972757             0.50991                   1
           41.942493             0.51992                   1
           45.932372             0.50994                   1
           55.902192             0.50993                   1
           85.821764             0.49989                   1
          101.771407             0.52003                   1
          105.751361             0.51004                   1
          109.741297             0.51999                   1
          131.680943             0.51009                   1
          147.660675             0.51009                   1
          153.640547             0.52010                   1
          181.570072             0.51008                   1
          229.409281             0.51007                   1
          231.399283             0.51996                   1
          237.389236             0.50996                   1
          255.358936             0.49992                   1
          271.278578             0.52006                   1
          299.238161             0.50009                   1
          307.187994             0.52002                   1
          333.137615             0.49996                   1
