           15.992492             0.51484                   1
           73.821090             0.51484                   1
           79.795904             0.51472                   1
           91.776517             0.51483                   1
           93.757773             0.51486                   1
          103.725956             0.51475                   1
          121.681479             0.51470                   1
          123.662636             0.51480                   1
          155.564406             0.51532                   1
          163.551384             0.51483                   1
          167.545027             0.51473                   1
          191.443928             0.51477                   1
          193.440731             0.51483                   1
          195.421939             0.51477                   1
          197.403076             0.51479                   1
          215.374054             0.51482                   1
          225.326834             0.51473                   1
          249.256937             0.51483                   1
          257.213326             0.51531                   1
          263.187616             0.51474                   1
          287.133387             0.51476                   1
          289.114596             0.51480                   1
          330.984571             0.51514                   1
          334.962540             0.51476                   1
