            8.036902             0.51441                   1
           17.989345             0.51474                   1
           31.951150             0.51470                   1
           53.900841             0.51466                   1
           63.868446             0.51476                   1
           65.849635             0.51469                   1
           67.830708             0.51488                   1
          127.640688             0.51525                   1
          139.621267             0.51480                   1
          179.510109             0.51469                   1
          185.484810             0.51483                   1
          209.383771             0.51478                   1
          219.352030             0.51477                   1
          223.345647             0.51479                   1
          247.260192             0.51477                   1
          261.206447             0.51486                   1
          267.181177             0.51472                   1
          275.137098             0.51520                   1
          301.079627             0.51481                   1
          305.073194             0.51480                   1
          309.035605             0.51479                   1
          319.019400             0.51477                   1
          323.013031             0.51477                   1
          340.952858             0.51483                   1
