           14.011348             0.51479                   1
           23.964044             0.51478                   1
           41.935026             0.51477                   1
           45.928523             0.51483                   1
           57.878098             0.51474                   1
           85.786205             0.51473                   1
          101.744840             0.51478                   1
          105.707209             0.51480                   1
          109.700764             0.51474                   1
          131.634185             0.51481                   1
          147.608416             0.51467                   1
          153.583137             0.51477                   1
          175.532105             0.51481                   1
          181.491252             0.51481                   1
          187.465976             0.51482                   1
          229.304882             0.51531                   1
          231.301528             0.51480                   1
          255.231712             0.51480                   1
          271.159191             0.51476                   1
          299.098376             0.51480                   1
          307.054396             0.51477                   1
          332.981265             0.51489                   1
