           65.855728             0.51485                   1
           71.814901             0.51477                   1
           75.792841             0.51483                   1
          117.663020             0.51476                   1
          137.599686             0.51476                   1
          145.586852             0.51468                   1
          147.568005             0.51477                   1
          153.558347             0.51480                   1
          163.526670             0.51483                   1
          173.479393             0.51475                   1
          195.397240             0.51477                   1
          207.362384             0.51473                   1
          217.315099             0.51481                   1
          229.280218             0.51480                   1
          239.232972             0.51482                   1
          249.216913             0.51478                   1
          271.119143             0.51549                   1
          279.106284             0.51485                   1
          287.077845             0.51475                   1
          295.049354             0.51478                   1
          314.986055             0.51479                   1
