           20.007715             0.51481                   1
           31.972798             0.51478                   1
           35.950736             0.51476                   1
           47.931505             0.51481                   1
           59.896609             0.51476                   1
           63.858920             0.51482                   1
           69.833726             0.51485                   1
           89.754878             0.51471                   1
          123.637755             0.51480                   1
          167.504601             0.51484                   1
          183.447734             0.51479                   1
          191.419269             0.51482                   1
          197.394046             0.51472                   1
          203.368783             0.51480                   1
          209.343513             0.51483                   1
          215.319071             0.52969                   1
          231.261472             0.51477                   1
          255.191606             0.51490                   1
          263.178808             0.51479                   1
          283.099877             0.51476                   1
          301.039741             0.51479                   1
          313.004887             0.51476                   1
