            8.027151             0.51489                   1
           29.991625             0.51481                   1
           45.934651             0.51511                   1
           49.912699             0.51476                   1
           61.877777             0.51480                   1
          103.716663             0.51478                   1
          107.694681             0.51476                   1
          115.681836             0.51476                   1
          119.644176             0.51479                   1
          135.618481             0.51485                   1
          155.539543             0.51481                   1
          171.498250             0.51467                   1
          177.457471             0.51551                   1
          189.438103             0.51481                   1
          225.302261             0.51481                   1
          233.242570             0.51506                   1
          251.198029             0.51480                   1
          267.141171             0.51476                   1
          293.068197             0.51476                   1
          307.014456             0.51486                   1
          320.976388             0.51486                   1
          324.954375             0.51467                   1
          336.935061             0.51489                   1
