           18.011962             0.51483                   1
           53.891169             0.51478                   1
           55.887956             0.51478                   1
           73.843186             0.51470                   1
           81.814572             0.51473                   1
          103.763166             0.51493                   1
          121.687279             0.51479                   1
          143.635989             0.51481                   1
          147.614766             0.52954                   1
          179.484020             0.51481                   1
          229.324820             0.51537                   1
          235.299584             0.51477                   1
          243.270977             0.51473                   1
          247.233275             0.51526                   1
          251.226833             0.51483                   1
          277.169042             0.51479                   1
          287.137203             0.51482                   1
          297.089786             0.51483                   1
          309.070340             0.51478                   1
          323.016439             0.51477                   1
          338.959258             0.51534                   1
          340.956034             0.51486                   1
