            8.028392             0.51502                   1
           23.986666             0.51477                   1
           33.954832             0.51480                   1
           41.941823             0.51482                   1
           47.916550             0.51475                   1
           93.779495             0.51483                   1
          115.712615             0.51474                   1
          125.665188             0.51471                   1
          149.610663             0.51483                   1
          159.578847             0.51477                   1
          173.509301             0.51479                   1
          193.445675             0.51484                   1
          199.404791             0.51477                   1
          213.382082             0.51475                   1
          215.363214             0.51478                   1
          221.353473             0.51483                   1
          241.289866             0.51475                   1
          285.156041             0.51477                   1
          293.096248             0.51505                   1
          313.063857             0.51478                   1
          315.044963             0.51479                   1
          321.019902             0.51540                   1
          326.978789             0.51468                   1
