            8.028392             0.72332                   1
           23.986666             0.71649                   1
           33.954832             0.60406                   1
           41.941823             1.12080                   1
           47.916550             0.67390                   1
           93.779495             0.61753                   1
          115.712615             0.61976                   1
          125.665188             0.53083                   1
          149.610663             0.60063                   1
          159.578847             0.53615                   1
          173.509301             0.84528                   1
          193.445675             1.26828                   1
          199.404791             0.70097                   1
          213.382082             0.73925                   1
          215.363214             0.55811                   1
          221.353473             0.60760                   1
          241.289866             0.79055                   1
          285.156041             0.68310                   1
          293.096248             0.85462                   1
          313.063857             0.67844                   1
          315.044963             0.80126                   1
          321.019902             0.91413                   1
          326.978789             0.83507                   1
