           10.024961             0.51477                   1
           43.922988             0.51477                   1
           65.871633             0.51487                   1
           67.852867             0.51481                   1
           85.808052             0.51482                   1
           91.783038             0.51539                   1
          113.731429             0.51474                   1
          117.693753             0.51480                   1
          131.655457             0.51475                   1
          157.597683             0.51474                   1
          167.534681             0.51474                   1
          177.502874             0.51475                   1
          181.465116             0.51480                   1
          189.452211             0.51479                   1
          197.423596             0.51478                   1
          203.398278             0.51478                   1
          231.321640             0.51473                   1
          245.252134             0.51476                   1
          259.213854             0.51478                   1
          261.195013             0.51477                   1
          271.178737             0.51482                   1
          289.118388             0.51480                   1
          324.997569             0.51484                   1
