           18.011962             0.61144                   1
           53.891169             0.95511                   1
           55.887956             0.64627                   1
           73.843186             0.56247                   1
           81.814572             0.73482                   1
          103.763166             0.55356                   1
          121.687279             0.60485                   1
          143.635989             0.59946                   1
          147.614766             0.66060                   1
          179.484020             0.59035                   1
          229.324820             0.78800                   1
          235.299584             0.70104                   1
          243.270977             0.56943                   1
          247.233275             0.70302                   1
          251.226833             0.59737                   1
          277.169042             1.12630                   1
          287.137203             0.73389                   1
          297.089786             0.74098                   1
          309.070340             0.72807                   1
          323.016439             0.63754                   1
          338.959258             0.58223                   1
          340.956034             0.52939                   1
