           10.024961             0.61463                   1
           43.922988             0.78760                   1
           65.871633             0.67831                   1
           67.852867             0.60098                   1
           85.808052             0.67723                   1
           91.783038             0.56605                   1
          113.731429             0.56901                   1
          117.693753             0.60655                   1
          131.655457             0.66042                   1
          157.597683             0.65336                   1
          167.534681             0.58004                   1
          177.502874             0.64354                   1
          181.465116             0.78515                   1
          189.452211             0.55786                   1
          197.423596             0.66618                   1
          203.398278             0.62734                   1
          231.321640             0.67115                   1
          245.252134             0.59626                   1
          259.213854             0.70612                   1
          261.195013             0.72489                   1
          271.178737             0.62883                   1
          289.118388             0.67267                   1
          324.997569             0.65635                   1
