           16.001382             0.51474                   1
           73.814368             0.51511                   1
           79.804761             0.51479                   1
           91.769779             0.51479                   1
           93.766570             0.51488                   1
          103.734885             0.51478                   1
          121.675546             0.52951                   1
          123.671490             0.51476                   1
          155.573176             0.51478                   1
          163.560270             0.51485                   1
          167.538271             0.51474                   1
          191.452809             0.51480                   1
          193.434040             0.51469                   1
          195.415198             0.51469                   1
          197.411953             0.51482                   1
          215.367761             0.51534                   1
          225.335732             0.51470                   1
          249.250220             0.51477                   1
          257.221786             0.51473                   1
          263.196574             0.51470                   1
          287.126644             0.51482                   1
          289.107826             0.51470                   1
          330.993393             0.51480                   1
          334.955815             0.51475                   1
