           14.020217             0.51476                   1
           23.972886             0.51477                   1
           41.943943             0.51476                   1
           45.921901             0.51531                   1
           55.890988             0.52956                   1
           57.886945             0.51481                   1
           85.795088             0.51478                   1
          101.738100             0.51473                   1
          105.716106             0.51483                   1
          109.694027             0.51479                   1
          131.642989             0.51486                   1
          147.601672             0.51475                   1
          153.591905             0.51482                   1
          175.525355             0.51476                   1
          181.500073             0.51480                   1
          187.460040             0.52957                   1
          229.313624             0.51477                   1
          231.294844             0.51473                   1
          237.285164             0.51477                   1
          255.240545             0.51477                   1
          271.152402             0.51529                   1
          299.091717             0.51474                   1
          307.047606             0.51483                   1
          332.974602             0.51474                   1
