            8.030002             0.51489                   1
           17.983344             0.52964                   1
           31.960063             0.51472                   1
           53.908963             0.51481                   1
           63.861646             0.51481                   1
           65.858488             0.51476                   1
           67.839725             0.51470                   1
          127.649443             0.51475                   1
          139.614524             0.51484                   1
          179.518924             0.51484                   1
          185.478086             0.51482                   1
          209.392646             0.51474                   1
          219.360926             0.51483                   1
          223.338875             0.51478                   1
          247.269037             0.51481                   1
          261.199690             0.51478                   1
          267.174476             0.51475                   1
          275.146000             0.51470                   1
          301.088473             0.51484                   1
          305.066439             0.51484                   1
          309.029181             0.51539                   1
          319.028406             0.51469                   1
          323.006308             0.51482                   1
          340.946111             0.51478                   1
