            8.029543             0.69018                   1
           12.007264             0.86429                   1
           31.943661             0.73527                   1
           45.905345             0.90919                   1
           57.870265             0.64785                   1
           69.850806             0.78692                   1
           87.759240             0.62998                   1
          105.667589             0.84111                   1
          107.648773             0.93985                   1
          111.642324             0.69814                   1
          113.623392             0.71702                   1
          119.598144             0.75806                   1
          123.576011             0.78011                   1
          139.518858             0.72477                   1
          149.502641             0.88465                   1
          159.470777             0.70823                   1
          183.385602             0.72061                   1
          205.302636             0.61899                   1
          213.289617             1.00768                   1
          227.251318             0.75758                   1
          255.174682             0.81741                   1
          293.066271             0.96457                   1
          299.040956             0.72574                   1
          303.034481             0.76416                   1
