           19.978710             0.77262                   1
           23.956658             0.77053                   1
           39.915039             0.81967                   1
           47.886544             0.79993                   1
           71.831892             0.70185                   1
           89.740344             0.60880                   1
           91.737140             0.69197                   1
           95.699432             0.60956                   1
          101.689695             0.73911                   1
          125.557225             0.71084                   1
          157.489642             0.80140                   1
          177.426045             0.74439                   1
          189.375380             0.69867                   1
          197.346868             0.70294                   1
          199.327945             0.84180                   1
          203.321468             0.69613                   1
          219.264362             1.06477                   1
          243.209788             1.22258                   1
          259.168202             0.74375                   1
          281.101311             0.81797                   1
          297.059790             0.90697                   1
          307.012389             0.76208                   1
          313.002620             0.95564                   1
          328.961049             0.80474                   1
