           19.978710             0.51479                   1
           23.956658             0.51478                   1
           39.915039             0.51482                   1
           47.886544             0.51470                   1
           71.831892             0.51485                   1
           89.740344             0.51484                   1
           91.737140             0.51477                   1
           95.699432             0.51479                   1
          101.689695             0.51479                   1
          125.557225             0.51473                   1
          157.489642             0.51485                   1
          177.426045             0.51474                   1
          189.375380             0.51478                   1
          197.346868             0.51467                   1
          199.327945             0.51481                   1
          203.321468             0.51472                   1
          219.264362             0.51470                   1
          243.209788             0.51480                   1
          259.168202             0.51478                   1
          281.101311             0.51478                   1
          297.059790             0.51476                   1
          307.012389             0.51473                   1
          313.002620             0.51478                   1
          328.961049             0.51471                   1
