           10.026134             0.85349                   1
           13.988470             0.81900                   1
           37.933962             1.16080                   1
           73.828675             0.67297                   1
           79.803382             0.97011                   1
           83.796907             0.90445                   1
           85.778122             0.70717                   1
           93.718299             0.75072                   1
          115.604597             0.79977                   1
          127.538815             0.97719                   1
          137.537724             0.74594                   1
          167.457876             0.83289                   1
          169.439006             0.89970                   1
          181.403942             0.91037                   1
          193.368872             0.88107                   1
          233.241580             0.86311                   1
          241.228608             0.77983                   1
          249.200013             0.95216                   1
          261.149320             0.78659                   1
          267.139672             0.95595                   1
          277.123395             0.82798                   1
          289.088375             0.80660                   1
          316.980545             1.13755                   1
          340.957259             0.80020                   1
