            8.029543             0.51497                   1
           12.007264             0.51479                   1
           31.943661             0.51478                   1
           45.905345             0.51477                   1
           57.870265             0.51478                   1
           69.850806             0.51477                   1
           87.759240             0.51473                   1
          105.667589             0.51480                   1
          107.648773             0.51476                   1
          111.642324             0.51473                   1
          113.623392             0.51483                   1
          119.598144             0.51473                   1
          123.576011             0.51483                   1
          139.518858             0.51477                   1
          149.502641             0.51480                   1
          159.470777             0.51482                   1
          183.385602             0.52990                   1
          205.302636             0.51473                   1
          213.289617             0.51478                   1
          227.251318             0.51474                   1
          255.174682             0.51486                   1
          293.066271             0.51540                   1
          299.040956             0.51479                   1
          303.034481             0.51474                   1
