           10.026134             0.51480                   1
           13.988470             0.51476                   1
           37.933962             0.51472                   1
           73.828675             0.51487                   1
           79.803382             0.51484                   1
           83.796907             0.51481                   1
           85.778122             0.51477                   1
           93.718299             0.51474                   1
          115.604597             0.51478                   1
          127.538815             0.52999                   1
          137.537724             0.51476                   1
          167.457876             0.51467                   1
          169.439006             0.51484                   1
          181.403942             0.51473                   1
          193.368872             0.51480                   1
          233.241580             0.51473                   1
          241.228608             0.51473                   1
          249.200013             0.51478                   1
          261.149320             0.51484                   1
          267.139672             0.51474                   1
          277.123395             0.51474                   1
          289.088375             0.51476                   1
          316.980545             0.51481                   1
          340.957259             0.51483                   1
