           14.013255             0.51477                   1
           23.965814             0.51483                   1
           41.936640             0.51480                   1
           45.915254             0.52965                   1
           55.898337             0.51477                   1
           57.879493             0.51479                   1
           85.787283             0.51478                   1
          101.745771             0.51472                   1
          105.707952             0.51484                   1
          109.685918             0.51497                   1
          131.634662             0.51478                   1
          147.593502             0.51537                   1
          153.583376             0.51477                   1
          175.516826             0.51538                   1
          181.491129             0.51477                   1
          187.465809             0.51476                   1
          229.304065             0.51487                   1
          231.300871             0.51474                   1
          237.275505             0.51475                   1
          255.230736             0.51476                   1
          271.157961             0.51476                   1
          299.096934             0.51481                   1
          307.052769             0.51472                   1
          332.979368             0.51478                   1
