           15.994380             0.51478                   1
           73.822285             0.51481                   1
           79.797016             0.51474                   1
           91.762220             0.51536                   1
           93.758726             0.51476                   1
          103.726857             0.51470                   1
          121.682111             0.51468                   1
          123.663215             0.51484                   1
          155.564496             0.51479                   1
          163.551581             0.51473                   1
          167.545045             0.51479                   1
          191.443691             0.51478                   1
          193.424882             0.51531                   1
          195.421635             0.51478                   1
          197.402792             0.51482                   1
          215.373595             0.51483                   1
          225.326157             0.51471                   1
          249.240806             0.51552                   1
          257.211805             0.51482                   1
          263.186436             0.51478                   1
          287.132008             0.51475                   1
          289.113198             0.51471                   1
          330.982624             0.51471                   1
          334.960545             0.51479                   1
