           15.994380             0.83709                   1
           73.822285             0.63947                   1
           79.797016             0.75248                   1
           91.762220             0.71492                   1
           93.758726             0.76635                   1
          103.726857             0.62191                   1
          121.682111             0.77808                   1
          123.663215             0.69295                   1
          155.564496             0.76667                   1
          163.551581             0.72331                   1
          167.545045             0.68171                   1
          191.443691             0.67834                   1
          193.424882             0.79305                   1
          195.421635             0.72425                   1
          197.402792             0.69506                   1
          215.373595             0.71568                   1
          225.326157             0.75480                   1
          249.240806             0.68748                   1
          257.211805             0.66821                   1
          263.186436             0.60539                   1
          287.132008             0.70707                   1
          289.113198             0.76589                   1
          330.982624             0.81512                   1
          334.960545             0.92507                   1
