            8.023121             0.51493                   1
           17.976514             0.52933                   1
           31.952841             0.51477                   1
           53.901584             0.51474                   1
           63.854211             0.51545                   1
           65.850810             0.51487                   1
           67.832090             0.51474                   1
          127.641107             0.51482                   1
          139.621693             0.51475                   1
          179.509960             0.51482                   1
          185.484621             0.51483                   1
          209.383369             0.51472                   1
          219.351512             0.51478                   1
          223.345035             0.51479                   1
          247.259284             0.51480                   1
          261.205419             0.51474                   1
          267.164533             0.51540                   1
          275.135874             0.51477                   1
          305.071590             0.51480                   1
          309.033962             0.51477                   1
          319.017699             0.51482                   1
          323.011218             0.51478                   1
          340.936028             0.52956                   1
