            8.023121             0.89660                   1
           17.976514             0.65485                   1
           31.952841             0.69416                   1
           53.901584             0.77672                   1
           63.854211             0.75980                   1
           65.850810             0.67511                   1
           67.832090             0.68574                   1
          127.641107             0.78686                   1
          139.621693             0.71796                   1
          179.509960             0.75642                   1
          185.484621             0.67757                   1
          209.383369             0.72207                   1
          219.351512             0.85760                   1
          223.345035             0.65596                   1
          247.259284             0.74098                   1
          261.205419             0.85843                   1
          267.164533             0.83514                   1
          275.135874             0.98354                   1
          305.071590             0.63896                   1
          309.033962             0.63650                   1
          319.017699             0.69243                   1
          323.011218             0.69878                   1
          340.936028             0.67742                   1
