            8.033743             0.51500                   1
           17.987037             0.52954                   1
           31.963436             0.51481                   1
           53.912104             0.51485                   1
           63.864752             0.51468                   1
           65.861510             0.51485                   1
           67.842681             0.51476                   1
          127.651671             0.51479                   1
          139.632310             0.51481                   1
          179.520578             0.51482                   1
          185.479590             0.51505                   1
          209.393948             0.51477                   1
          219.362139             0.51470                   1
          223.340752             0.52967                   1
          247.269958             0.51469                   1
          261.215981             0.51476                   1
          267.175037             0.51478                   1
          275.146524             0.51472                   1
          301.088697             0.51478                   1
          305.066603             0.51476                   1
          309.044530             0.51479                   1
          319.028350             0.51473                   1
          323.006234             0.51471                   1
          340.945807             0.51482                   1
