           16.004979             0.61847                   1
           73.817718             0.88390                   1
           79.807636             0.88580                   1
           91.772544             1.23255                   1
           93.769333             0.53969                   1
          103.737526             0.77119                   1
          121.692682             0.73544                   1
          123.673855             0.65024                   1
          155.575104             0.99604                   1
          167.540787             0.98997                   1
          191.454373             0.64363                   1
          193.435464             0.69447                   1
          195.432171             0.55377                   1
          197.413433             0.84439                   1
          215.384159             0.82511                   1
          225.336753             0.80816                   1
          249.251030             1.45316                   1
          257.222480             0.67351                   1
          263.197185             0.81057                   1
          287.126973             0.87205                   1
          289.123770             0.65925                   1
          330.993265             0.90847                   1
          334.956107             0.82548                   1
