           14.023904             0.51470                   1
           23.976448             0.51480                   1
           41.947286             0.51481                   1
           45.925460             0.51541                   1
           55.908957             0.51472                   1
           57.890115             0.51472                   1
           85.797887             0.51480                   1
          101.740771             0.51541                   1
          105.718649             0.51480                   1
          109.696512             0.51479                   1
          131.645265             0.51481                   1
          147.603658             0.51482                   1
          153.593990             0.51479                   1
          175.527055             0.51479                   1
          187.476424             0.51479                   1
          229.314693             0.51481                   1
          231.295782             0.51486                   1
          237.286115             0.51478                   1
          255.241307             0.51480                   1
          271.168582             0.51477                   1
          299.107539             0.51476                   1
          307.048441             0.52972                   1
          332.974434             0.51478                   1
