           14.023904             0.83155                   1
           23.976448             0.76674                   1
           41.947286             0.82733                   1
           45.925460             0.64905                   1
           55.908957             0.84128                   1
           57.890115             0.72401                   1
           85.797887             0.95146                   1
          101.740771             0.74401                   1
          105.718649             0.78202                   1
          109.696512             1.13201                   1
          131.645265             1.31058                   1
          147.603658             0.73571                   1
          153.593990             0.90517                   1
          175.527055             0.97143                   1
          187.476424             0.93369                   1
          229.314693             0.99812                   1
          231.295782             0.92903                   1
          237.286115             0.82645                   1
          255.241307             1.29473                   1
          271.168582             0.73499                   1
          299.107539             1.24308                   1
          307.048441             0.89403                   1
          332.974434             1.03115                   1
