            8.033743             0.82993                   1
           17.987037             0.64433                   1
           31.963436             0.73948                   1
           53.912104             0.70216                   1
           63.864752             0.77316                   1
           65.861510             0.67241                   1
           67.842681             0.73114                   1
          127.651671             0.76030                   1
          139.632310             0.77128                   1
          179.520578             1.04178                   1
          185.479590             0.76257                   1
          209.393948             0.78348                   1
          219.362139             0.71100                   1
          223.340752             0.79630                   1
          247.269958             1.19426                   1
          261.215981             0.99985                   1
          267.175037             0.88859                   1
          275.146524             0.64490                   1
          301.088697             0.73394                   1
          305.066603             1.09986                   1
          309.044530             0.72188                   1
          319.028350             1.00976                   1
          323.006234             0.83171                   1
          340.945807             0.85162                   1
