           49.911946             0.51662                   1
           61.877593             0.51661                   1
          155.836188             0.51659                   1
          171.784832             0.51660                   1
          325.621622             0.51661                   1
           76.093038             0.51662                   1
          137.904395             0.51662                   1
          217.980863             0.51661                   1
          229.963162             0.51662                   1
          249.894803             0.51661                   1
          279.775558             0.51662                   1
          287.741540             0.51662                   1
           31.963491             0.51662                   1
           59.894427             0.51662                   1
          123.938925             0.51662                   1
          231.946321             0.51662                   1
          283.758550             0.51662                   1
