           16.014866             0.51660                   1
           65.843910             0.51661                   1
           72.126767             0.51657                   1
           88.075345             0.51661                   1
           98.041156             0.51660                   1
          117.972771             0.51662                   1
          145.887045             0.51666                   1
          147.870205             0.51661                   1
          153.853025             0.51662                   1
          163.818855             0.51660                   1
          174.168033             0.51652                   1
          196.082832             0.51653                   1
          208.031715             0.51660                   1
          239.912313             0.51662                   1
          271.792910             0.51662                   1
          295.707524             0.51660                   1
          315.655812             0.51661                   1
