            8.032213             0.39948                   1
           29.980331             0.49066                   1
           45.945625             0.86085                   1
           74.109871             0.68767                   1
          104.007320             0.51726                   1
          108.006963             0.51752                   1
          115.989611             0.60657                   1
          119.955934             0.66415                   1
          135.921232             0.61031                   1
          178.150934             0.61125                   1
          190.116588             0.60520                   1
          225.980171             0.55648                   1
          233.929490             0.42287                   1
          251.877951             0.57787                   1
          267.809917             0.98935                   1
          293.724380             0.72207                   1
          307.689844             0.47614                   1
          321.638648             0.55888                   1
          337.603930             0.41711                   1
