           19.997858             0.44952                   1
           35.963144             0.47561                   1
           47.928815             1.17356                   1
           63.860757             0.44114                   1
           69.826909             0.42676                   1
           90.058498             0.49854                   1
          102.024147             0.62849                   1
          167.801828             0.75267                   1
          184.133763             0.66823                   1
          192.099745             0.69402                   1
          198.065899             0.62371                   1
          204.048725             0.51664                   1
          210.014875             0.43431                   1
          215.997699             0.66727                   1
          255.860948             0.47471                   1
          263.843595             0.61185                   1
          265.826757             0.65258                   1
          301.690337             0.74787                   1
          313.672646             0.46913                   1
