            8.032213             0.51662                   1
           29.980331             0.51662                   1
           45.945625             0.51662                   1
           74.109871             0.51662                   1
          104.007320             0.51661                   1
          108.006963             0.51662                   1
          115.989611             0.51662                   1
          119.955934             0.51662                   1
          135.921232             0.51662                   1
          178.150934             0.51662                   1
          190.116588             0.51662                   1
          225.980171             0.51662                   1
          233.929490             0.51662                   1
          251.877951             0.51661                   1
          267.809917             0.51662                   1
          293.724380             0.51660                   1
          307.689844             0.51660                   1
          321.638648             0.51660                   1
          337.603930             0.51660                   1
