           16.014866             0.41659                   1
           65.843910             0.43391                   1
           72.126767             0.49489                   1
           88.075345             0.49778                   1
           98.041156             0.49165                   1
          117.972771             0.79214                   1
          145.887045             0.61216                   1
          147.870205             0.66098                   1
          153.853025             0.57399                   1
          163.818855             0.67178                   1
          174.168033             1.09033                   1
          196.082832             0.78278                   1
          208.031715             0.73754                   1
          239.912313             0.43189                   1
          271.792910             0.53423                   1
          295.707524             1.02685                   1
          315.655812             0.45392                   1
