           19.997858             0.51661                   1
           35.963144             0.51662                   1
           47.928815             0.51659                   1
           63.860757             0.51662                   1
           69.826909             0.51662                   1
           90.058498             0.51663                   1
          102.024147             0.51662                   1
          167.801828             0.51662                   1
          184.133763             0.51662                   1
          192.099745             0.51662                   1
          198.065899             0.51664                   1
          204.048725             0.51662                   1
          210.014875             0.51661                   1
          215.997699             0.51661                   1
          255.860948             0.51661                   1
          263.843595             0.51659                   1
          265.826757             0.51662                   1
          301.690337             0.51663                   1
          313.672646             0.51665                   1
