           10.023542             0.50503                   1
           23.978316             0.51005                   1
           45.922925             0.52003                   1
           55.907824             0.52001                   1
           57.907796             0.50502                   1
           65.892677             0.50492                   1
          105.817049             0.50492                   1
          109.776842             0.52004                   1
          121.746736             0.50494                   1
          129.731549             0.51999                   1
          147.686296             0.50494                   1
          153.671121             0.50503                   1
          155.646052             0.52011                   1
          177.575823             0.50499                   1
          201.490371             0.52000                   1
          217.430280             0.50980                   1
          241.374700             0.52016                   1
          273.299232             0.51994                   1
          293.253821             0.50511                   1
          297.228762             0.50500                   1
          307.198670             0.50496                   1
          323.143436             0.51991                   1
          327.128359             0.51997                   1
          335.113139             0.52004                   1
