           27.968346             0.50491                   1
           93.847186             0.51998                   1
          103.817021             0.51997                   1
          137.701436             0.51999                   1
          141.686335             0.52005                   1
          157.646214             0.50493                   1
          165.601058             0.50996                   1
          181.545715             0.52004                   1
          187.530618             0.52003                   1
          191.505623             0.51992                   1
          211.460236             0.50489                   1
          215.445245             0.50490                   1
          229.414936             0.51994                   1
          235.399808             0.51998                   1
          239.384712             0.52005                   1
          247.359632             0.52002                   1
          255.354568             0.50998                   1
          261.329407             0.50502                   1
          277.284102             0.52000                   1
          281.259081             0.51992                   1
          295.228837             0.52007                   1
          311.183548             0.50497                   1
          317.153470             0.50996                   1
