           10.023542             0.57615                   1
           23.978316             0.50101                   1
           45.922925             0.55591                   1
           55.907824             0.60271                   1
           57.907796             0.66667                   1
           65.892677             0.65760                   1
          105.817049             0.52424                   1
          109.776842             0.45231                   1
          121.746736             0.61018                   1
          129.731549             0.83316                   1
          147.686296             0.58193                   1
          153.671121             0.65296                   1
          155.646052             0.59795                   1
          177.575823             0.69964                   1
          201.490371             0.60851                   1
          217.430280             0.62818                   1
          241.374700             0.50721                   1
          273.299232             0.55787                   1
          293.253821             0.70680                   1
          297.228762             0.60375                   1
          307.198670             0.60960                   1
          323.143436             0.70442                   1
          327.128359             0.57541                   1
          335.113139             0.55844                   1
