            8.038623             0.50492                   1
           14.008505             0.50502                   1
           21.993399             0.52007                   1
           35.953159             0.52000                   1
           37.938083             0.52004                   1
           71.877525             0.50497                   1
           97.832094             0.52006                   1
          107.801999             0.50501                   1
          111.776926             0.50500                   1
          117.761803             0.50494                   1
          131.716619             0.51991                   1
          159.631149             0.50491                   1
          163.616060             0.50498                   1
          167.590965             0.50501                   1
          179.560820             0.51997                   1
          189.515515             0.52011                   1
          205.485406             0.51000                   1
          209.475309             0.50492                   1
          257.344484             0.50498                   1
          265.314338             0.50499                   1
          279.269117             0.51993                   1
          313.168484             0.51004                   1
          337.098094             0.52004                   1
