           27.968346             0.59089                   1
           93.847186             0.55837                   1
          103.817021             0.64433                   1
          137.701436             0.78304                   1
          141.686335             0.60604                   1
          157.646214             0.48579                   1
          165.601058             0.62671                   1
          181.545715             0.57764                   1
          187.530618             0.58460                   1
          191.505623             0.55350                   1
          211.460236             0.56637                   1
          215.445245             0.58126                   1
          229.414936             0.61122                   1
          235.399808             0.62619                   1
          239.384712             0.60925                   1
          247.359632             0.55413                   1
          255.354568             0.63102                   1
          261.329407             0.51202                   1
          277.284102             0.70092                   1
          281.259081             0.67781                   1
          295.228837             0.50772                   1
          311.183548             0.67262                   1
          317.153470             0.57456                   1
