            8.038623             0.92912                   1
           14.008505             0.51910                   1
           21.993399             0.59800                   1
           35.953159             0.54991                   1
           37.938083             0.47689                   1
           71.877525             0.79261                   1
           97.832094             0.55738                   1
          107.801999             0.45921                   1
          111.776926             0.61219                   1
          117.761803             0.72320                   1
          131.716619             0.58402                   1
          159.631149             0.74881                   1
          163.616060             0.57176                   1
          167.590965             0.53273                   1
          179.560820             0.75466                   1
          189.515515             0.52771                   1
          205.485406             0.70137                   1
          209.475309             0.64741                   1
          257.344484             0.64101                   1
          265.314338             0.86296                   1
          279.269117             0.53184                   1
          313.168484             0.62365                   1
          337.098094             0.69341                   1
