           10.030658             0.51486                   1
           13.992989             0.51476                   1
           37.938480             0.51476                   1
           73.833290             0.51470                   1
           79.807984             0.51479                   1
           83.801429             0.51477                   1
           85.782657             0.51476                   1
           93.722845             0.51480                   1
          115.609081             0.51484                   1
          127.558511             0.51480                   1
          167.462418             0.51473                   1
          169.443571             0.51474                   1
          181.424059             0.51487                   1
          193.373451             0.51479                   1
          233.246139             0.51478                   1
          241.233197             0.51473                   1
          249.204586             0.51483                   1
          261.153916             0.51485                   1
          267.144215             0.51471                   1
          277.127967             0.51474                   1
          289.093133             0.51524                   1
          317.000722             0.51476                   1
          340.961750             0.51483                   1
