            8.034123             0.78151                   1
           12.011824             0.57970                   1
           31.948234             0.73063                   1
           45.909888             1.01653                   1
           57.874862             0.82723                   1
           69.855407             0.86230                   1
           87.763792             0.76136                   1
          105.672159             0.63644                   1
          107.653677             0.70288                   1
          111.646842             0.72558                   1
          113.628011             0.68036                   1
          119.602700             0.61748                   1
          123.580649             1.02341                   1
          139.523440             0.76010                   1
          149.507200             0.63204                   1
          159.475395             0.68752                   1
          183.405233             0.70092                   1
          205.307189             0.93432                   1
          213.294204             0.77905                   1
          227.271483             0.78532                   1
          255.194886             0.69311                   1
          293.086418             0.68839                   1
          299.061105             0.75357                   1
          303.038988             0.75958                   1
