            8.034123             0.51472                   1
           12.011824             0.51480                   1
           31.948234             0.51476                   1
           45.909888             0.51484                   1
           57.874862             0.51477                   1
           69.855407             0.51476                   1
           87.763792             0.51483                   1
          105.672159             0.51484                   1
          107.653677             0.51537                   1
          111.646842             0.51481                   1
          113.628011             0.51479                   1
          119.602700             0.51475                   1
          123.580649             0.51470                   1
          139.523440             0.51477                   1
          149.507200             0.51483                   1
          159.475395             0.51481                   1
          183.405233             0.51473                   1
          205.307189             0.51471                   1
          213.294204             0.51474                   1
          227.271483             0.51484                   1
          255.194886             0.51469                   1
          293.086418             0.51479                   1
          299.061105             0.51472                   1
          303.038988             0.51483                   1
