           19.983295             0.76795                   1
           23.961194             0.90992                   1
           39.919651             1.25497                   1
           47.891090             0.62729                   1
           71.836553             0.87316                   1
           89.745008             0.64410                   1
           91.741680             0.68739                   1
           95.703984             0.72495                   1
          101.694286             0.71046                   1
          125.562368             1.12960                   1
          157.494240             0.71670                   1
          177.430587             0.81981                   1
          189.380471             0.82158                   1
          197.351359             0.90637                   1
          199.348110             0.74154                   1
          203.325968             0.73161                   1
          219.284489             0.74857                   1
          243.214322             0.97803                   1
          259.172789             1.10707                   1
          281.121456             0.72576                   1
          307.017156             0.90923                   1
          313.007211             0.84703                   1
          328.981252             0.72847                   1
