           19.983295             0.51479                   1
           23.961194             0.51476                   1
           39.919651             0.51474                   1
           47.891090             0.51479                   1
           71.836553             0.51474                   1
           89.745008             0.51529                   1
           91.741680             0.51484                   1
           95.703984             0.51481                   1
          101.694286             0.51481                   1
          125.562368             0.52970                   1
          157.494240             0.51471                   1
          177.430587             0.51481                   1
          189.380471             0.51523                   1
          197.351359             0.51478                   1
          199.348110             0.51479                   1
          203.325968             0.51483                   1
          219.284489             0.51479                   1
          243.214322             0.51479                   1
          259.172789             0.51475                   1
          281.121456             0.51485                   1
          307.017156             0.51536                   1
          313.007211             0.51472                   1
          328.981252             0.51474                   1
