           14.020230             0.50993                   1
           25.020121             0.50495                   1
           42.984905             0.51996                   1
           46.969849             0.51002                   1
           56.954720             0.50504                   1
           58.939732             0.50495                   1
           86.864419             0.50491                   1
          102.819301             0.51994                   1
          107.124265             0.51996                   1
          111.109153             0.52001                   1
          133.058955             0.51009                   1
          176.978502             0.50497                   1
          182.948465             0.50997                   1
          188.923373             0.50496                   1
          231.172897             0.51998                   1
          233.172888             0.50503                   1
          239.157895             0.50491                   1
          257.112668             0.51991                   1
          273.187537             0.50494                   1
          301.137232             0.50493                   1
          309.092020             0.51004                   1
          335.031864             0.51992                   1
