           17.035229             0.53240                   1
           74.879532             0.71908                   1
           80.864524             0.68592                   1
           92.849389             0.66087                   1
           94.834316             0.73991                   1
          104.804253             0.52178                   1
          123.104095             0.76558                   1
          125.088972             0.56466                   1
          164.998626             0.88623                   1
          168.983544             0.83728                   1
          192.908379             0.72003                   1
          194.893348             0.60699                   1
          197.263328             0.92492                   1
          217.233016             0.73087                   1
          227.187945             0.99176                   1
          251.127735             0.84356                   1
          259.232766             0.71433                   1
          265.217599             0.89734                   1
          289.167316             0.76325                   1
          291.152321             0.79416                   1
          333.046884             0.76285                   1
          337.016848             0.72879                   1
