            8.040254             0.83159                   1
           19.020064             0.72356                   1
           33.005019             0.64237                   1
           54.954719             0.74823                   1
           64.924616             0.64210                   1
           66.909658             0.82508                   1
           68.894651             0.73603                   1
          129.073968             0.84360                   1
          141.043827             0.81750                   1
          180.953564             0.62703                   1
          186.933416             0.61502                   1
          211.248047             0.58002                   1
          221.218030             0.75383                   1
          225.202915             0.76880                   1
          249.142698             1.14059                   1
          263.217542             0.76951                   1
          269.202542             0.68035                   1
          277.172451             0.99030                   1
          303.122128             0.60819                   1
          307.107124             0.60707                   1
          311.077047             0.56544                   1
          321.077034             0.82893                   1
          325.061960             0.56387                   1
          343.001733             0.76781                   1
