            8.040254             0.50497                   1
           19.020064             0.52005                   1
           33.005019             0.50494                   1
           54.954719             0.51999                   1
           64.924616             0.50501                   1
           66.909658             0.50988                   1
           68.894651             0.50991                   1
          129.073968             0.50994                   1
          141.043827             0.51998                   1
          180.953564             0.51992                   1
          186.933416             0.50997                   1
          211.248047             0.50511                   1
          221.218030             0.52001                   1
          225.202915             0.52007                   1
          249.142698             0.50495                   1
          263.217542             0.52006                   1
          269.202542             0.50491                   1
          277.172451             0.51998                   1
          303.122128             0.51992                   1
          307.107124             0.52000                   1
          311.077047             0.51999                   1
          321.077034             0.50495                   1
          325.061960             0.50489                   1
          343.001733             0.52002                   1
