           14.020230             1.02747                   1
           25.020121             0.80340                   1
           42.984905             0.83823                   1
           46.969849             0.87721                   1
           56.954720             0.53219                   1
           58.939732             0.64317                   1
           86.864419             1.18990                   1
          102.819301             0.75478                   1
          107.124265             0.67367                   1
          111.109153             0.65678                   1
          133.058955             0.96244                   1
          176.978502             0.72218                   1
          182.948465             0.96011                   1
          188.923373             0.92105                   1
          231.172897             0.85470                   1
          233.172888             1.10266                   1
          239.157895             0.93356                   1
          257.112668             0.88249                   1
          273.187537             0.91923                   1
          301.137232             0.56913                   1
          309.092020             0.69416                   1
          335.031864             0.92178                   1
