           17.035229             0.51993                   1
           74.879532             0.51002                   1
           80.864524             0.51996                   1
           92.849389             0.50494                   1
           94.834316             0.50496                   1
          104.804253             0.52000                   1
          123.104095             0.50485                   1
          125.088972             0.51006                   1
          164.998626             0.52000                   1
          168.983544             0.52001                   1
          192.908379             0.51996                   1
          194.893348             0.51998                   1
          197.263328             0.51996                   1
          217.233016             0.50500                   1
          227.187945             0.52004                   1
          251.127735             0.51998                   1
          259.232766             0.51986                   1
          265.217599             0.50498                   1
          289.167316             0.50499                   1
          291.152321             0.50498                   1
          333.046884             0.50494                   1
          337.016848             0.51998                   1
