           14.017590             0.51478                   1
           23.970302             0.51468                   1
           41.941294             0.51477                   1
           45.919971             0.52970                   1
           55.903165             0.51480                   1
           57.884340             0.51478                   1
           85.792490             0.51473                   1
          101.735484             0.51524                   1
          105.713494             0.51472                   1
          109.691425             0.51474                   1
          131.640411             0.51477                   1
          147.598986             0.51478                   1
          153.589369             0.51473                   1
          175.522724             0.51478                   1
          181.497537             0.51480                   1
          187.472195             0.51483                   1
          229.310938             0.51488                   1
          231.292229             0.51469                   1
          237.282568             0.51475                   1
          255.237960             0.51479                   1
          271.150696             0.52948                   1
          299.089102             0.51539                   1
          307.044994             0.51480                   1
          332.971987             0.51481                   1
