            8.028108             0.53174                   1
           17.995517             0.46808                   1
           31.957388             0.55395                   1
           53.906265             0.66069                   1
           63.859027             0.56373                   1
           65.855885             0.55084                   1
           67.837064             0.60157                   1
          127.646846             0.57468                   1
          139.612212             0.57712                   1
          179.516267             0.51500                   1
          185.475452             0.50500                   1
          209.390000             0.49403                   1
          219.358324             0.54954                   1
          223.336278             0.69144                   1
          247.266432             0.56885                   1
          261.197066             0.56600                   1
          267.171866             0.58307                   1
          301.085897             0.76444                   1
          305.063863             0.56239                   1
          309.041818             0.51499                   1
          319.025777             0.56021                   1
          323.003631             0.75827                   1
          340.943539             0.71404                   1
