           15.998727             0.52896                   1
           73.812214             0.48234                   1
           79.802124             0.68430                   1
           91.767240             0.61502                   1
           93.764003             0.56215                   1
          103.732296             0.56172                   1
          121.687689             0.51507                   1
          123.668851             0.64877                   1
          163.557671             0.65520                   1
          167.535642             0.62114                   1
          191.450246             0.53016                   1
          193.431351             0.54896                   1
          195.412509             0.55176                   1
          197.409297             0.57095                   1
          215.380377             0.72751                   1
          225.333045             0.67064                   1
          249.247610             0.65167                   1
          257.219160             0.60796                   1
          263.193843             0.49719                   1
          287.124069             0.63048                   1
          289.105193             0.70533                   1
          330.990840             0.57093                   1
          334.953147             0.60052                   1
