           15.998727             0.51477                   1
           73.812214             0.51543                   1
           79.802124             0.51479                   1
           91.767240             0.51475                   1
           93.764003             0.51476                   1
          103.732296             0.51472                   1
          121.687689             0.51481                   1
          123.668851             0.51483                   1
          163.557671             0.51476                   1
          167.535642             0.51499                   1
          191.450246             0.51474                   1
          193.431351             0.51475                   1
          195.412509             0.51511                   1
          197.409297             0.51481                   1
          215.380377             0.51477                   1
          225.333045             0.51486                   1
          249.247610             0.51481                   1
          257.219160             0.51468                   1
          263.193843             0.51483                   1
          287.124069             0.51474                   1
          289.105193             0.51480                   1
          330.990840             0.51480                   1
          334.953147             0.51474                   1
