            8.028108             0.52954                   1
           17.995517             0.51480                   1
           31.957388             0.51482                   1
           53.906265             0.51488                   1
           63.859027             0.51482                   1
           65.855885             0.51474                   1
           67.837064             0.51475                   1
          127.646846             0.51474                   1
          139.612212             0.51540                   1
          179.516267             0.51486                   1
          185.475452             0.51482                   1
          209.390000             0.51486                   1
          219.358324             0.51477                   1
          223.336278             0.51474                   1
          247.266432             0.51479                   1
          261.197066             0.51521                   1
          267.171866             0.51478                   1
          301.085897             0.51490                   1
          305.063863             0.51478                   1
          309.041818             0.51476                   1
          319.025777             0.51476                   1
          323.003631             0.51484                   1
          340.943539             0.51480                   1
