            8.029151             0.97060                   1
           23.994568             0.77280                   1
           33.960484             0.66266                   1
           41.943180             0.81575                   1
           47.909383             0.71342                   1
           93.755825             0.76994                   1
          115.687462             0.86178                   1
          125.653367             0.78363                   1
          149.584845             0.73961                   1
          159.550735             0.88548                   1
          163.533779             0.67832                   1
          173.483002             0.79292                   1
          193.398121             0.86127                   1
          199.364321             1.27893                   1
          213.346586             1.14435                   1
          215.329763             0.79313                   1
          221.312611             0.80214                   1
          241.244437             0.85387                   1
          285.091033             0.97423                   1
          293.040407             0.82472                   1
          313.005539             0.61912                   1
          314.988717             0.97191                   1
          320.971593             0.73288                   1
          326.921123             0.83920                   1
