           17.995025             0.68447                   1
           27.977597             0.62968                   1
           53.892255             0.78643                   1
           55.875437             0.82720                   1
           73.824046             0.78217                   1
           81.806760             0.75924                   1
          103.738390             0.75511                   1
          109.721261             0.90811                   1
          121.670344             0.79076                   1
          143.618646             0.80993                   1
          147.601671             0.78681                   1
          179.449205             0.92252                   1
          229.295393             0.79522                   1
          235.261554             0.82088                   1
          243.227605             0.57468                   1
          247.193967             0.48822                   1
          251.176991             0.54511                   1
          277.108321             0.66118                   1
          297.023448             0.66557                   1
          309.022517             1.41021                   1
          322.954768             0.67763                   1
          338.903536             0.64850                   1
          340.886715             0.60928                   1
