           10.012309             0.51662                   1
           43.926356             0.51663                   1
           65.857997             0.51661                   1
           67.841171             0.51663                   1
           85.789795             0.51662                   1
           91.772689             0.51660                   1
          113.704283             0.51663                   1
          117.670650             0.51663                   1
          131.636238             0.51662                   1
          157.567574             0.51661                   1
          165.516943             0.51662                   1
          167.500116             0.51663                   1
          177.466027             0.51662                   1
          181.432384             0.51662                   1
          189.415095             0.51663                   1
          203.347360             0.51662                   1
          231.278529             0.51662                   1
          245.210792             0.51662                   1
          259.159709             0.51662                   1
          261.142885             0.51662                   1
          271.125450             0.51662                   1
          289.057384             0.51664                   1
          324.937948             0.51663                   1
