           10.012309             0.54740                   1
           43.926356             1.20053                   1
           65.857997             0.66038                   1
           67.841171             0.60517                   1
           85.789795             0.75215                   1
           91.772689             0.70511                   1
          113.704283             0.94100                   1
          117.670650             1.00655                   1
          131.636238             0.71263                   1
          157.567574             0.95669                   1
          165.516943             0.58312                   1
          167.500116             0.78390                   1
          177.466027             0.89777                   1
          181.432384             0.85930                   1
          189.415095             1.00442                   1
          203.347360             0.81583                   1
          231.278529             0.75602                   1
          245.210792             0.80744                   1
          259.159709             0.55421                   1
          261.142885             0.65898                   1
          271.125450             0.72419                   1
          289.057384             0.83982                   1
          324.937948             0.67044                   1
