            8.029151             0.51660                   1
           23.994568             0.49996                   1
           33.960484             0.51660                   1
           41.943180             0.51662                   1
           47.909383             0.51662                   1
           93.755825             0.51664                   1
          115.687462             0.51663                   1
          125.653367             0.51662                   1
          149.584845             0.51663                   1
          159.550735             0.51662                   1
          163.533779             0.51661                   1
          173.483002             0.51662                   1
          193.398121             0.51663                   1
          199.364321             0.51663                   1
          213.346586             0.49996                   1
          215.329763             0.51662                   1
          221.312611             0.51665                   1
          241.244437             0.51661                   1
          285.091033             0.51661                   1
          293.040407             0.51662                   1
          313.005539             0.51662                   1
          314.988717             0.51663                   1
          320.971593             0.51662                   1
          326.921123             0.51662                   1
