           12.026823             0.51477                   1
           16.004689             0.51475                   1
           47.937249             0.51477                   1
           51.899476             0.51471                   1
           63.880036             0.51471                   1
           69.854699             0.51471                   1
           89.791048             0.51481                   1
           91.787816             0.51478                   1
          113.720921             0.51482                   1
          123.673516             0.51475                   1
          143.609924             0.51480                   1
          153.577963             0.51488                   1
          167.524166             0.51475                   1
          191.469610             0.51476                   1
          195.431970             0.51465                   1
          229.345583             0.51479                   1
          235.320201             0.51480                   1
          241.310508             0.51476                   1
          249.297561             0.51480                   1
          257.268942             0.51481                   1
          277.189739             0.51478                   1
          323.021517             0.51480                   1
          328.996138             0.51479                   1
          336.983171             0.51473                   1
