           12.026823             0.74074                   1
           16.004689             0.66680                   1
           47.937249             1.24521                   1
           51.899476             0.69891                   1
           63.880036             0.66991                   1
           69.854699             0.90314                   1
           89.791048             0.82209                   1
           91.787816             0.57730                   1
          113.720921             0.65150                   1
          123.673516             0.95462                   1
          143.609924             1.21761                   1
          153.577963             1.14523                   1
          167.524166             0.81460                   1
          191.469610             0.83640                   1
          195.431970             0.72193                   1
          229.345583             0.71923                   1
          235.320201             0.71246                   1
          241.310508             0.67403                   1
          249.297561             0.85464                   1
          257.268942             0.57109                   1
          277.189739             0.71368                   1
          323.021517             1.31241                   1
          328.996138             0.61763                   1
          336.983171             1.04645                   1
