            8.033392             0.67833                   1
           19.998256             0.74506                   1
           25.972843             0.75432                   1
           27.969650             0.65346                   1
           49.918282             0.72813                   1
           61.883268             0.89874                   1
           71.835869             0.70584                   1
           81.820221             0.68121                   1
          119.695612             0.91659                   1
          131.644957             0.70290                   1
          147.603371             0.64804                   1
          155.574797             0.76435                   1
          165.543006             0.65984                   1
          183.498190             0.93607                   1
          185.479330             0.75485                   1
          207.412447             0.70109                   1
          209.409187             0.77625                   1
          215.368296             0.69696                   1
          253.275398             0.94070                   1
          273.212747             0.73077                   1
          289.139042             0.73203                   1
          309.091002             0.74744                   1
          319.059164             0.89895                   1
          325.002622             0.70728                   1
