           39.950221             0.51471                   1
           93.768956             0.51472                   1
           95.750137             0.51478                   1
          101.740410             0.51489                   1
          115.702059             0.51480                   1
          127.666981             0.51481                   1
          139.631997             0.51473                   1
          159.552769             0.51465                   1
          177.507916             0.51472                   1
          193.450776             0.51475                   1
          211.390409             0.51475                   1
          219.361775             0.51478                   1
          259.250122             0.51476                   1
          267.237153             0.51466                   1
          275.208511             0.51481                   1
          283.179992             0.51476                   1
          285.161139             0.51484                   1
          297.126069             0.51481                   1
          299.107204             0.51521                   1
          307.094233             0.51478                   1
          317.062363             0.51484                   1
          321.040338             0.51478                   1
          338.964403             0.51474                   1
