           39.950221             0.78451                   1
           93.768956             1.33209                   1
           95.750137             0.72684                   1
          101.740410             0.68840                   1
          115.702059             0.72629                   1
          127.666981             0.76103                   1
          139.631997             0.91561                   1
          159.552769             1.17829                   1
          177.507916             1.19056                   1
          193.450776             0.79116                   1
          211.390409             0.76301                   1
          219.361775             0.87936                   1
          259.250122             0.76579                   1
          267.237153             0.81052                   1
          275.208511             0.86287                   1
          283.179992             0.74726                   1
          285.161139             0.79004                   1
          297.126069             1.19267                   1
          299.107204             0.70751                   1
          307.094233             0.80824                   1
          317.062363             1.07973                   1
          321.040338             0.92566                   1
          338.964403             0.70507                   1
