            8.033392             0.51488                   1
           19.998256             0.51474                   1
           25.972843             0.51476                   1
           27.969650             0.51467                   1
           49.918282             0.51485                   1
           61.883268             0.51474                   1
           71.835869             0.51483                   1
           81.820221             0.51525                   1
          119.695612             0.51476                   1
          131.644957             0.51475                   1
          147.603371             0.51480                   1
          155.574797             0.51484                   1
          165.543006             0.51481                   1
          183.498190             0.51482                   1
          185.479330             0.51477                   1
          207.412447             0.51479                   1
          209.409187             0.51480                   1
          215.368296             0.51474                   1
          253.275398             0.51485                   1
          273.212747             0.52945                   1
          289.139042             0.51477                   1
          309.091002             0.51479                   1
          319.059164             0.51481                   1
          325.002622             0.51477                   1
