           25.964369             0.51481                   1
           29.958034             0.51476                   1
           31.939176             0.51479                   1
           49.894627             0.51482                   1
           59.847389             0.51480                   1
           81.796427             0.51477                   1
           89.736797             0.51478                   1
          111.639545             0.51539                   1
          125.616511             0.51485                   1
          129.594491             0.51480                   1
          135.584806             0.51477                   1
          151.559153             0.51477                   1
          153.540336             0.51482                   1
          157.518295             0.51479                   1
          167.486630             0.51476                   1
          187.424095             0.52960                   1
          239.277376             0.51476                   1
          251.226859             0.51478                   1
          275.172703             0.51473                   1
          277.153875             0.51479                   1
          305.093330             0.51468                   1
          313.064824             0.51486                   1
          323.033173             0.51481                   1
          336.963888             0.51475                   1
