            8.024714             0.51491                   1
           10.021358             0.51472                   1
           41.923133             0.51471                   1
           47.913487             0.51474                   1
           57.866202             0.51479                   1
           85.774400             0.51479                   1
           95.695956             0.51481                   1
          117.629398             0.51471                   1
          139.562839             0.51526                   1
          165.505443             0.51481                   1
          177.454949             0.51533                   1
          203.397566             0.51480                   1
          217.359502             0.51479                   1
          227.327819             0.51484                   1
          241.258566             0.51474                   1
          267.201141             0.51481                   1
          273.191522             0.51477                   1
          285.141033             0.51483                   1
          295.124954             0.51490                   1
          319.039529             0.51535                   1
          330.989097             0.51479                   1
          338.960663             0.51476                   1
