           15.980477             0.51483                   1
           51.875830             0.51481                   1
           75.821657             0.51475                   1
           83.777983             0.51541                   1
           87.755602             0.51477                   1
           91.717956             0.51474                   1
          105.679873             0.51478                   1
          107.661073             0.51469                   1
          207.391105             0.51488                   1
          229.309004             0.51481                   1
          237.296162             0.51479                   1
          245.252118             0.51476                   1
          255.220464             0.51474                   1
          301.115330             0.51482                   1
          325.014345             0.51476                   1
          326.995566             0.51474                   1
          340.941834             0.51481                   1
