           18.016308             0.51481                   1
           27.984588             0.51471                   1
           53.895659             0.51481                   1
           55.892431             0.51472                   1
           73.832193             0.51538                   1
           81.819108             0.51481                   1
          109.742587             0.51477                   1
          121.691977             0.51474                   1
          147.618664             0.51476                   1
          179.488877             0.51478                   1
          235.304609             0.51479                   1
          247.238356             0.51479                   1
          251.216532             0.51538                   1
          277.158610             0.51476                   1
          287.126788             0.51484                   1
          309.075616             0.51477                   1
          323.006145             0.51477                   1
