          103.767906             0.51480                   1
          143.640759             0.51476                   1
          229.329896             0.51480                   1
          243.276003             0.51483                   1
          297.079375             0.51485                   1
          338.964651             0.51470                   1
          340.945777             0.51479                   1
          241.279287             0.51476                   1
          313.053530             0.51476                   1
          315.034681             0.51477                   1
          165.542747             0.51475                   1
          167.524323             0.52990                   1
          189.457060             0.51478                   1
          324.987276             0.51483                   1
