            8.032670             0.51494                   1
           23.991007             0.51480                   1
           33.959192             0.51481                   1
           41.946310             0.51477                   1
           47.920991             0.51476                   1
           93.784053             0.51482                   1
          115.717191             0.51491                   1
          125.669885             0.51467                   1
          149.615436             0.51481                   1
          159.583616             0.51477                   1
          163.561581             0.51476                   1
          173.514187             0.51476                   1
          193.434977             0.51477                   1
          199.409701             0.51472                   1
          213.371396             0.51476                   1
          215.368199             0.51483                   1
          221.342827             0.51482                   1
          285.145635             0.51482                   1
          293.101472             0.51481                   1
          321.024928             0.51481                   1
          326.984018             0.51480                   1
