           10.029311             0.51474                   1
           43.927428             0.51481                   1
           65.876249             0.51478                   1
           67.857394             0.51479                   1
           85.812649             0.51479                   1
           91.787342             0.51477                   1
          113.736144             0.51477                   1
          117.698448             0.51476                   1
          131.660156             0.51478                   1
          157.586872             0.51470                   1
          177.507788             0.51467                   1
          181.470020             0.51479                   1
          197.428505             0.51484                   1
          203.387619             0.51475                   1
          231.310978             0.51486                   1
          245.257188             0.51480                   1
          259.203316             0.51482                   1
          261.200083             0.51478                   1
          271.183932             0.51472                   1
          289.108732             0.52954                   1
