           27.957132             0.51482                   1
           83.835774             0.51477                   1
           93.819670             0.51480                   1
          103.787982             0.51478                   1
          137.655229             0.51480                   1
          141.633199             0.51478                   1
          157.576230             0.51479                   1
          165.532099             0.51488                   1
          181.459546             0.51503                   1
          187.449969             0.51476                   1
          191.427922             0.51477                   1
          211.364513             0.51478                   1
          215.342468             0.51479                   1
          229.319836             0.51486                   1
          235.294628             0.51486                   1
          239.288169             0.51487                   1
          247.259706             0.51484                   1
          255.231189             0.51486                   1
          261.206005             0.51478                   1
          277.164641             0.51477                   1
          281.126980             0.51471                   1
          295.104406             0.51489                   1
          311.031871             0.51528                   1
          317.006569             0.51480                   1
