            8.036344             0.51449                   1
           13.995316             0.51475                   1
           21.982406             0.51481                   1
           35.944265             0.51479                   1
           37.925410             0.51486                   1
           71.855121             0.51481                   1
           97.797633             0.51477                   1
          107.750335             0.51473                   1
          111.728336             0.51465                   1
          117.703413             0.51538                   1
          131.664898             0.51480                   1
          159.557418             0.51476                   1
          163.535584             0.51530                   1
          167.513335             0.51481                   1
          179.478422             0.51476                   1
          189.431095             0.51481                   1
          209.367710             0.51523                   1
          257.228039             0.51479                   1
          265.184547             0.51525                   1
          279.145786             0.51487                   1
          303.075976             0.51478                   1
          313.028640             0.51484                   1
          336.943234             0.51474                   1
