           10.017288             0.51483                   1
           23.963505             0.51480                   1
           45.912557             0.51475                   1
           55.896485             0.51476                   1
           57.877606             0.51483                   1
           65.864765             0.51483                   1
          105.769121             0.51480                   1
          109.747073             0.51486                   1
          121.696592             0.51482                   1
          129.683724             0.51477                   1
          147.623541             0.51477                   1
          153.598247             0.51476                   1
          155.595075             0.51468                   1
          177.497194             0.51483                   1
          201.411818             0.51478                   1
          217.323646             0.51477                   1
          241.269402             0.51479                   1
          273.171067             0.51476                   1
          293.108213             0.51523                   1
          297.085624             0.51483                   1
          307.053958             0.51482                   1
          322.996837             0.51491                   1
          326.974951             0.51481                   1
          334.962091             0.51476                   1
