           10.018459             0.80518                   1
           43.916466             0.74615                   1
           65.865187             1.02074                   1
           67.846365             0.66349                   1
           85.801523             0.81178                   1
           91.777084             0.66002                   1
          113.724995             0.83944                   1
          117.687234             0.97304                   1
          131.648963             0.81093                   1
          157.591211             0.82787                   1
          165.531846             0.82296                   1
          167.528147             0.66663                   1
          177.496342             0.74610                   1
          181.458620             0.71170                   1
          189.445624             0.78847                   1
          197.417083             1.22471                   1
          203.391774             0.77783                   1
          231.315136             1.38162                   1
          245.245640             0.89072                   1
          259.207343             0.72865                   1
          261.188493             0.72340                   1
          271.172261             0.71535                   1
          289.111849             0.55119                   1
          324.991148             0.79880                   1
