           18.005402             0.66603                   1
           27.973655             0.60143                   1
           53.884667             0.95361                   1
           55.881412             0.78881                   1
           73.836635             0.80100                   1
           81.807997             0.83745                   1
          103.756777             1.05600                   1
          109.731471             1.32911                   1
          121.680780             1.42740                   1
          143.629460             0.95002                   1
          147.622981             1.25242                   1
          179.477418             0.81296                   1
          229.318342             0.93046                   1
          235.293095             0.97159                   1
          243.264445             0.78397                   1
          247.226752             0.60562                   1
          251.220277             0.73992                   1
          277.162474             1.22887                   1
          287.130717             0.80439                   1
          297.083282             0.96343                   1
          309.063798             0.92660                   1
          323.009910             0.70805                   1
          338.952760             0.90073                   1
          340.949486             0.75196                   1
