            8.021850             0.51489                   1
           23.980118             0.51480                   1
           33.948298             0.51475                   1
           41.935342             0.51475                   1
           47.909986             0.51485                   1
           93.772997             0.51480                   1
          115.706100             0.51477                   1
          125.658640             0.51488                   1
          149.604203             0.51468                   1
          159.572339             0.51476                   1
          173.502791             0.51479                   1
          193.424427             0.52951                   1
          199.398265             0.51469                   1
          215.356703             0.51480                   1
          221.346941             0.51479                   1
          241.283314             0.51474                   1
          285.134139             0.51536                   1
          293.089738             0.51479                   1
          313.042341             0.52975                   1
          315.038473             0.51478                   1
          321.013127             0.51485                   1
          326.972234             0.51474                   1
