           18.005402             0.51489                   1
           27.973655             0.51478                   1
           53.884667             0.51477                   1
           55.881412             0.51482                   1
           73.836635             0.51469                   1
           81.807997             0.51504                   1
          103.756777             0.51479                   1
          109.731471             0.51498                   1
          121.680780             0.51474                   1
          143.629460             0.51480                   1
          147.622981             0.51482                   1
          179.477418             0.51486                   1
          229.318342             0.51480                   1
          235.293095             0.51477                   1
          243.264445             0.51488                   1
          247.226752             0.51476                   1
          251.220277             0.51479                   1
          277.162474             0.51485                   1
          287.130717             0.51480                   1
          297.083282             0.51481                   1
          309.063798             0.51480                   1
          323.009910             0.51480                   1
          338.952760             0.51476                   1
          340.949486             0.51478                   1
