           10.018459             0.51478                   1
           43.916466             0.51480                   1
           65.865187             0.51479                   1
           67.846365             0.51476                   1
           85.801523             0.51481                   1
           91.777084             0.52959                   1
          113.724995             0.51474                   1
          117.687234             0.51481                   1
          131.648963             0.51470                   1
          157.591211             0.51474                   1
          165.531846             0.51550                   1
          167.528147             0.51478                   1
          177.496342             0.51479                   1
          181.458620             0.51484                   1
          189.445624             0.51480                   1
          197.417083             0.51479                   1
          203.391774             0.51471                   1
          231.315136             0.51485                   1
          245.245640             0.51470                   1
          259.207343             0.51478                   1
          261.188493             0.51476                   1
          271.172261             0.51476                   1
          289.111849             0.51475                   1
          324.991148             0.51473                   1
