           16.020713             0.51475                   1
           65.862242             0.51481                   1
           71.821306             0.51483                   1
           75.799343             0.51473                   1
           87.779971             0.51481                   1
           97.748306             0.51474                   1
          117.669274             0.51476                   1
          137.605851             0.51472                   1
          145.592992             0.51484                   1
          147.574154             0.51476                   1
          153.564482             0.51473                   1
          163.532839             0.51476                   1
          173.485559             0.51477                   1
          195.403271             0.51520                   1
          207.368336             0.51482                   1
          217.321020             0.51486                   1
          229.286051             0.51496                   1
          249.222746             0.51478                   1
          271.140524             0.51476                   1
          279.112058             0.51473                   1
          287.083512             0.51483                   1
          295.055095             0.51481                   1
          314.991687             0.51477                   1
