           20.014257             0.51478                   1
           31.979309             0.51483                   1
           47.938000             0.51473                   1
           59.903045             0.51479                   1
           63.865475             0.51470                   1
           69.840170             0.51478                   1
           89.761167             0.51475                   1
          101.726251             0.51542                   1
          123.644060             0.51480                   1
          167.510770             0.51541                   1
          183.453821             0.51474                   1
          191.425336             0.51484                   1
          197.400100             0.51477                   1
          203.374816             0.51471                   1
          209.349564             0.51476                   1
          215.339895             0.51483                   1
          231.267321             0.51478                   1
          255.197494             0.51482                   1
          263.184612             0.51479                   1
          265.165798             0.51480                   1
          283.105578             0.51485                   1
          301.045455             0.51477                   1
          313.010520             0.51477                   1
