            8.022348             0.51479                   1
           17.990412             0.51475                   1
           31.952021             0.51475                   1
           53.900768             0.51474                   1
           63.853922             0.51525                   1
           65.850106             0.51483                   1
           67.831236             0.51476                   1
          127.640319             0.51521                   1
          139.620937             0.51472                   1
          179.509163             0.51479                   1
          185.483895             0.51476                   1
          209.382510             0.51480                   1
          219.350685             0.51490                   1
          223.344221             0.51475                   1
          247.258708             0.51525                   1
          267.179264             0.51477                   1
          275.150641             0.51483                   1
          301.077216             0.51484                   1
          305.070775             0.51486                   1
          309.033153             0.51474                   1
          319.016928             0.51474                   1
          323.010439             0.51478                   1
          340.950001             0.51482                   1
