           14.012430             0.51486                   1
           23.965045             0.51476                   1
           41.935857             0.51478                   1
           45.929348             0.51475                   1
           55.897522             0.51485                   1
           57.878686             0.51482                   1
           85.786413             0.51482                   1
          101.744931             0.51471                   1
          109.686089             0.52937                   1
          131.633861             0.51472                   1
          153.582542             0.51478                   1
          175.531261             0.51489                   1
          187.465009             0.51480                   1
          229.318859             0.51484                   1
          231.300058             0.51472                   1
          237.274682             0.51480                   1
          255.229884             0.51476                   1
          271.157168             0.51475                   1
          299.096154             0.51480                   1
          307.051968             0.51480                   1
          332.978571             0.51480                   1
