           25.962932             0.51479                   1
           29.956493             0.51474                   1
           31.937653             0.51475                   1
           49.892886             0.51471                   1
           59.845386             0.51482                   1
           81.794081             0.51477                   1
           89.734354             0.51482                   1
          111.651901             0.51478                   1
          125.613560             0.51479                   1
          129.591985             0.52987                   1
          135.581737             0.51480                   1
          151.555717             0.51474                   1
          153.536899             0.51479                   1
          157.515059             0.51547                   1
          167.498588             0.51479                   1
          187.434989             0.51474                   1
          239.272641             0.51474                   1
          251.222705             0.52963                   1
          275.167416             0.51482                   1
          277.148543             0.51487                   1
          305.087529             0.51481                   1
          313.058988             0.51481                   1
          323.027164             0.51478                   1
          336.973254             0.51482                   1
