           13.998034             0.51476                   1
           15.979125             0.51483                   1
           51.873975             0.51478                   1
           67.832425             0.51480                   1
           75.819417             0.51480                   1
           83.790850             0.51479                   1
           87.753165             0.51476                   1
           91.715562             0.51505                   1
          105.677179             0.51479                   1
          107.658344             0.51477                   1
          173.473301             0.51475                   1
          179.447954             0.51477                   1
          199.415446             0.51486                   1
          207.386925             0.51475                   1
          213.361566             0.51516                   1
          225.342117             0.51476                   1
          229.304423             0.51483                   1
          237.291463             0.51474                   1
          245.247256             0.51475                   1
          255.215478             0.51479                   1
          301.109717             0.51475                   1
          325.008272             0.51480                   1
          327.005071             0.51484                   1
          340.935568             0.51479                   1
