           19.983868             0.51471                   1
           23.961685             0.51483                   1
           39.920248             0.51482                   1
           47.891748             0.51470                   1
           71.837391             0.51473                   1
           91.727010             0.51479                   1
           95.704975             0.51475                   1
          101.679913             0.51544                   1
          125.562874             0.51479                   1
          177.432060             0.51489                   1
          189.381453             0.51478                   1
          197.352881             0.51486                   1
          199.334102             0.51481                   1
          203.312057             0.51473                   1
          219.270594             0.51473                   1
          243.216169             0.51472                   1
          259.159105             0.51472                   1
          297.050867             0.51475                   1
          307.003540             0.51479                   1
          312.993774             0.51478                   1
          328.967951             0.51480                   1
