            8.034516             0.51491                   1
           12.012321             0.51476                   1
           31.948796             0.51482                   1
           45.895423             0.52996                   1
           57.875607             0.51478                   1
           69.856191             0.51473                   1
           87.764659             0.51476                   1
          105.673197             0.51478                   1
          107.654377             0.51471                   1
          111.647948             0.51471                   1
          113.629107             0.51481                   1
          119.588160             0.51486                   1
          123.581712             0.51472                   1
          139.524608             0.51484                   1
          149.508497             0.51474                   1
          159.476691             0.51478                   1
          183.391186             0.51473                   1
          205.308837             0.51473                   1
          213.280203             0.51506                   1
          227.257641             0.51471                   1
          255.181218             0.51467                   1
          293.072895             0.51482                   1
          303.025617             0.51474                   1
