           10.031090             0.51479                   1
           13.993512             0.51480                   1
           37.939123             0.51471                   1
           73.818478             0.51537                   1
           79.808832             0.51481                   1
           83.787713             0.52947                   1
           85.783490             0.51475                   1
           93.723825             0.51475                   1
          115.610254             0.51472                   1
          127.544030             0.51478                   1
          137.527857             0.51477                   1
          167.449146             0.52945                   1
          169.444985             0.51475                   1
          181.409976             0.51475                   1
          193.359356             0.51479                   1
          233.247881             0.51476                   1
          241.219381             0.51473                   1
          249.190895             0.51471                   1
          261.155862             0.51480                   1
          267.130582             0.51472                   1
          277.114389             0.51481                   1
          289.079773             0.51545                   1
          316.971944             0.51550                   1
          340.948582             0.51482                   1
