            8.025899             0.82983                   1
           13.992077             0.63947                   1
           21.974771             0.62457                   1
           35.940324             0.57864                   1
           37.923497             0.60345                   1
           71.837443             1.22457                   1
           97.785354             0.90799                   1
          107.734555             0.87053                   1
          159.913698             0.85804                   1
          163.896702             1.39490                   1
          167.863057             1.04444                   1
          179.828765             0.76641                   1
          189.777960             0.88098                   1
          205.726675             0.97984                   1
          209.709692             0.87673                   1
          257.555853             1.34127                   1
          265.521880             1.01503                   1
          279.470760             0.67381                   1
          303.385500             0.91046                   1
          313.334708             0.92896                   1
          337.266118             0.82891                   1
