           10.009059             0.50260                   1
           23.957940             0.52935                   1
           45.906190             0.63653                   1
           55.888724             0.60575                   1
           57.871890             0.82254                   1
           65.854588             0.72759                   1
          105.751380             0.67776                   1
          109.717748             0.63933                   1
          121.666754             0.72197                   1
          129.649453             1.14706                   1
          147.598022             0.76601                   1
          153.580874             0.68698                   1
          177.845593             0.71768                   1
          201.743675             0.93095                   1
          217.659050             0.93515                   1
          241.607136             0.51674                   1
          297.402644             0.90944                   1
          307.368512             0.79132                   1
          323.317242             0.91417                   1
          327.300254             0.99504                   1
          335.282948             0.89215                   1
