           27.940955             0.49827                   1
           83.819812             0.88191                   1
          103.768210             0.73299                   1
          137.632156             0.98812                   1
          157.930584             0.63320                   1
          181.811937             0.83117                   1
          187.794796             0.80020                   1
          191.761138             0.66575                   1
          211.692862             0.82150                   1
          215.675877             1.03039                   1
          229.658098             0.71979                   1
          235.640942             0.81676                   1
          239.623964             0.72964                   1
          247.589991             0.77139                   1
          255.572683             0.91650                   1
          261.538869             0.71816                   1
          277.487570             0.95304                   1
          281.453936             0.84256                   1
          295.419479             0.82067                   1
          311.351540             0.62425                   1
          317.334387             0.93718                   1
