           10.009059             0.51663                   1
           23.957940             0.51662                   1
           45.906190             0.51662                   1
           55.888724             0.51662                   1
           57.871890             0.51662                   1
           65.854588             0.51662                   1
          105.751380             0.51662                   1
          109.717748             0.51660                   1
          121.666754             0.51662                   1
          129.649453             0.51663                   1
          147.598022             0.51662                   1
          153.580874             0.51662                   1
          177.845593             0.51662                   1
          201.743675             0.51662                   1
          217.659050             0.51663                   1
          241.607136             0.51662                   1
          297.402644             0.51663                   1
          307.368512             0.51663                   1
          323.317242             0.51662                   1
          327.300254             0.51662                   1
          335.282948             0.51662                   1
