            8.025899             0.51662                   1
           13.992077             0.51663                   1
           21.974771             0.51663                   1
           35.940324             0.51662                   1
           37.923497             0.51662                   1
           71.837443             0.51662                   1
           97.785354             0.51662                   1
          107.734555             0.51663                   1
          159.913698             0.51662                   1
          163.896702             0.51663                   1
          167.863057             0.51662                   1
          179.828765             0.51662                   1
          189.777960             0.51663                   1
          205.726675             0.51663                   1
          209.709692             0.51663                   1
          257.555853             0.51662                   1
          265.521880             0.51662                   1
          279.470760             0.51662                   1
          303.385500             0.51663                   1
          313.334708             0.51661                   1
          337.266118             0.51662                   1
