           27.968115             0.65517                   1
           83.846470             0.99938                   1
           93.830400             0.99922                   1
          103.798508             0.77482                   1
          137.650057             0.71444                   1
          141.643481             0.53692                   1
          157.570872             0.60915                   1
          165.526752             0.57304                   1
          181.469734             0.67767                   1
          191.422360             0.58880                   1
          211.358818             0.73982                   1
          215.352374             0.79418                   1
          229.314108             1.06410                   1
          235.304408             0.85763                   1
          239.282344             0.85560                   1
          247.253798             0.86796                   1
          255.240879             0.68073                   1
          261.200649             0.78482                   1
          277.158585             0.70644                   1
          281.136465             0.56846                   1
          295.098217             0.56638                   1
          311.041242             0.67891                   1
          317.000569             0.81544                   1
