           10.028474             0.51477                   1
           23.974716             0.51472                   1
           45.908843             0.51487                   1
           55.907322             0.51479                   1
           57.888512             0.51475                   1
           65.875530             0.51482                   1
          105.779720             0.51481                   1
          109.742044             0.51476                   1
          121.707052             0.51485                   1
          129.678536             0.51474                   1
          147.618214             0.51484                   1
          153.608556             0.51476                   1
          155.589698             0.51483                   1
          177.507344             0.51481                   1
          201.406194             0.51478                   1
          217.333520             0.51483                   1
          241.263526             0.51476                   1
          273.180628             0.51479                   1
          293.117061             0.51473                   1
          297.079387             0.51477                   1
          307.047676             0.51469                   1
          322.990613             0.51474                   1
          326.984117             0.51487                   1
          334.955570             0.51482                   1
