            8.031911             0.51495                   1
           14.006423             0.51471                   1
           21.993477             0.51487                   1
           35.939630             0.51489                   1
           37.936408             0.51483                   1
           71.850301             0.51476                   1
           97.808258             0.51479                   1
          107.760856             0.51484                   1
          111.723796             0.52986                   1
          117.713548             0.51478                   1
          131.675345             0.51474                   1
          159.567613             0.51481                   1
          167.508340             0.51541                   1
          189.441113             0.51483                   1
          205.399764             0.51476                   1
          209.377701             0.51472                   1
          257.222106             0.51477                   1
          265.193454             0.51488                   1
          279.139690             0.51480                   1
          303.069760             0.51473                   1
          313.022375             0.51472                   1
          336.952381             0.51481                   1
