            8.031911             1.06382                   1
           14.006423             0.85717                   1
           21.993477             0.69395                   1
           35.939630             0.97140                   1
           37.936408             0.74259                   1
           71.850301             0.93184                   1
           97.808258             0.79724                   1
          107.760856             0.54839                   1
          111.723796             0.86536                   1
          117.713548             0.90747                   1
          131.675345             0.84133                   1
          159.567613             0.77230                   1
          167.508340             0.61543                   1
          189.441113             0.86609                   1
          205.399764             0.73102                   1
          209.377701             0.77697                   1
          257.222106             1.25141                   1
          265.193454             1.19986                   1
          279.139690             0.87724                   1
          303.069760             0.61065                   1
          313.022375             0.57773                   1
          336.952381             0.58317                   1
