           27.968115             0.51489                   1
           83.846470             0.51474                   1
           93.830400             0.51473                   1
          103.798508             0.51482                   1
          137.650057             0.51472                   1
          141.643481             0.51484                   1
          157.570872             0.51473                   1
          165.526752             0.51479                   1
          181.469734             0.51478                   1
          191.422360             0.51472                   1
          211.358818             0.51481                   1
          215.352374             0.51479                   1
          229.314108             0.51481                   1
          235.304408             0.51479                   1
          239.282344             0.51477                   1
          247.253798             0.51486                   1
          255.240879             0.51483                   1
          261.200649             0.52972                   1
          277.158585             0.51466                   1
          281.136465             0.51482                   1
          295.098217             0.51483                   1
          311.041242             0.51476                   1
          317.000569             0.51536                   1
