           12.012486             0.51482                   1
           15.990378             0.51476                   1
           47.922901             0.51478                   1
           63.850164             0.51478                   1
           89.776729             0.51481                   1
          113.706675             0.51473                   1
          123.659239             0.51478                   1
          143.595549             0.51479                   1
          153.563752             0.51479                   1
          167.509788             0.51488                   1
          191.439727             0.51474                   1
          195.402968             0.52944                   1
          229.315656             0.51484                   1
          235.305911             0.51487                   1
          241.280601             0.51478                   1
          249.267601             0.51475                   1
          257.238996             0.51482                   1
          322.991633             0.51465                   1
          328.966311             0.51474                   1
          336.953263             0.51477                   1
