           39.935894             0.51476                   1
           87.795618             0.51483                   1
           93.754669             0.51481                   1
           95.735832             0.51470                   1
          101.710852             0.53007                   1
          115.687838             0.51475                   1
          127.637109             0.51476                   1
          139.617682             0.51478                   1
          159.538412             0.51481                   1
          177.493585             0.51474                   1
          193.420884             0.51478                   1
          211.360511             0.51475                   1
          219.331890             0.51477                   1
          267.207268             0.51478                   1
          275.178664             0.51478                   1
          283.150079             0.51482                   1
          297.096114             0.51484                   1
          299.092974             0.51472                   1
          307.064416             0.51536                   1
          317.048112             0.51478                   1
          321.010405             0.51480                   1
          338.934449             0.51481                   1
