           19.983821             0.51488                   1
           25.958573             0.51478                   1
           27.955456             0.51468                   1
           49.904031             0.51472                   1
           61.869023             0.51473                   1
           71.821556             0.51475                   1
           81.805316             0.51474                   1
          119.665706             0.51474                   1
          131.630599             0.51483                   1
          147.573514             0.51471                   1
          155.544930             0.51473                   1
          165.513099             0.51478                   1
          183.468270             0.51472                   1
          185.449398             0.51519                   1
          209.379334             0.51479                   1
          215.353967             0.51480                   1
          253.261118             0.51478                   1
          273.197500             0.51478                   1
          289.124749             0.51486                   1
          309.061051             0.51484                   1
          319.029268             0.51478                   1
          324.972731             0.51480                   1
