           14.018183             0.52000                   1
           23.988093             0.50505                   1
           29.973034             0.50494                   1
           61.877684             0.50496                   1
           79.827479             0.50496                   1
           89.767369             0.51999                   1
          123.752060             0.52000                   1
          145.701826             0.50992                   1
          179.636481             0.51499                   1
          185.631420             0.50494                   1
          189.616382             0.50490                   1
          191.601373             0.51999                   1
          195.586318             0.52000                   1
          225.545993             0.52000                   1
          241.510807             0.52000                   1
          251.495670             0.51999                   1
          259.465700             0.50491                   1
          273.430477             0.51998                   1
          279.400416             0.52004                   1
          295.325260             0.50998                   1
          313.280157             0.50497                   1
