           16.003173             0.51995                   1
           17.988178             0.51999                   1
           31.958042             0.50496                   1
           39.937866             0.51005                   1
           43.922887             0.51996                   1
           47.897844             0.52000                   1
           69.847658             0.51996                   1
           77.842617             0.50492                   1
           85.782476             0.50996                   1
          103.747293             0.50989                   1
          115.782207             0.50996                   1
          121.767057             0.51996                   1
          157.686745             0.50495                   1
          167.651611             0.50999                   1
          233.530901             0.52006                   1
          255.480678             0.51997                   1
          257.465855             0.51975                   1
          275.415424             0.52006                   1
          289.370354             0.50495                   1
          305.310138             0.50505                   1
          321.250061             0.51995                   1
