           45.922884             0.50498                   1
           57.892721             0.50505                   1
           67.857652             0.52002                   1
           83.797514             0.50994                   1
           99.752270             0.51997                   1
          125.752012             0.50494                   1
          129.737010             0.50497                   1
          137.721905             0.50499                   1
          165.666640             0.51998                   1
          207.581189             0.50502                   1
          235.525891             0.51001                   1
          267.445547             0.52002                   1
          281.400404             0.50494                   1
          291.355371             0.51994                   1
          293.340320             0.52002                   1
          299.310269             0.51989                   1
          309.295136             0.50492                   1
          315.265064             0.51988                   1
          323.234945             0.51999                   1
          339.214875             0.50491                   1
          341.199805             0.52000                   1
