           14.018183             0.74946                   1
           23.988093             0.95543                   1
           29.973034             0.54633                   1
           61.877684             0.84110                   1
           79.827479             0.96293                   1
           89.767369             0.89489                   1
          123.752060             1.26156                   1
          145.701826             0.87938                   1
          179.636481             0.76006                   1
          185.631420             0.66898                   1
          189.616382             0.71595                   1
          191.601373             1.07495                   1
          195.586318             0.64191                   1
          225.545993             0.82569                   1
          241.510807             0.68460                   1
          251.495670             0.86751                   1
          259.465700             0.81732                   1
          273.430477             0.86026                   1
          279.400416             0.67424                   1
          295.325260             0.65313                   1
          313.280157             0.77783                   1
