           45.922884             0.96410                   1
           57.892721             0.97011                   1
           67.857652             1.08503                   1
           83.797514             0.64884                   1
           99.752270             1.16579                   1
          125.752012             0.94153                   1
          129.737010             0.78045                   1
          137.721905             0.67544                   1
          165.666640             1.45020                   1
          207.581189             0.79081                   1
          235.525891             0.74960                   1
          267.445547             0.81335                   1
          281.400404             0.61820                   1
          291.355371             0.85508                   1
          293.340320             0.67807                   1
          299.310269             0.69199                   1
          309.295136             0.55497                   1
          315.265064             1.06491                   1
          323.234945             0.85489                   1
          339.214875             1.25865                   1
          341.199805             1.26570                   1
