           16.024379             0.50490                   1
           65.878315             0.50487                   1
           71.848062             0.51508                   1
           75.818038             0.51497                   1
           87.807741             0.51996                   1
           97.782520             0.51000                   1
          117.717053             0.51997                   1
          137.671637             0.50495                   1
          145.651441             0.52000                   1
          147.636389             0.51999                   1
          153.631274             0.50993                   1
          163.611062             0.50494                   1
          173.565835             0.51501                   1
          195.505342             0.50495                   1
          207.455105             0.51989                   1
          217.419859             0.50998                   1
          239.364333             0.50494                   1
          249.344146             0.51991                   1
          271.273688             0.50491                   1
          287.233281             0.50496                   1
          295.198074             0.52001                   1
