            8.029561             0.53818                   1
           29.999104             0.72796                   1
           45.948731             0.68987                   1
           49.928664             0.54980                   1
           61.908368             0.78569                   1
           73.833060             0.57261                   1
          107.752283             0.99635                   1
          115.732149             0.76822                   1
          119.702041             0.58220                   1
          135.676640             0.62310                   1
          155.616236             0.53890                   1
          177.545686             0.62480                   1
          189.525475             0.66858                   1
          225.414657             0.59434                   1
          233.369405             0.67934                   1
          251.329056             0.79114                   1
          267.273763             0.64595                   1
          293.213062             0.60189                   1
          307.177851             0.86858                   1
          321.137601             0.90046                   1
          325.122434             0.92346                   1
