            8.029561             0.51997                   1
           29.999104             0.50496                   1
           45.948731             0.51494                   1
           49.928664             0.50988                   1
           61.908368             0.50492                   1
           73.833060             0.51497                   1
          107.752283             0.50500                   1
          115.732149             0.51996                   1
          119.702041             0.52000                   1
          135.676640             0.51498                   1
          155.616236             0.50990                   1
          177.545686             0.52015                   1
          189.525475             0.51996                   1
          225.414657             0.50502                   1
          233.369405             0.52014                   1
          251.329056             0.51995                   1
          267.273763             0.51994                   1
          293.213062             0.52007                   1
          307.177851             0.51996                   1
          321.137601             0.51994                   1
          325.122434             0.51991                   1
