           20.009342             0.50491                   1
           31.984022             0.50495                   1
           35.968919             0.51999                   1
           47.943659             0.50998                   1
           59.923392             0.50500                   1
           63.893294             0.50496                   1
           69.858151             0.52001                   1
           89.792704             0.52002                   1
          101.767457             0.51998                   1
          123.696959             0.50492                   1
          167.595984             0.50493                   1
          183.540627             0.50991                   1
          191.510394             0.52000                   1
          197.490303             0.50495                   1
          209.455084             0.50496                   1
          215.434823             0.51003                   1
          231.384536             0.51997                   1
          255.323950             0.50500                   1
          263.303769             0.52001                   1
          265.288740             0.51995                   1
          283.248404             0.50494                   1
          301.183049             0.51991                   1
