           16.024379             0.89510                   1
           65.878315             0.59159                   1
           71.848062             0.58968                   1
           75.818038             0.65158                   1
           87.807741             1.00553                   1
           97.782520             0.79849                   1
          117.717053             0.93529                   1
          137.671637             0.76408                   1
          145.651441             0.96803                   1
          147.636389             0.71899                   1
          153.631274             1.19596                   1
          163.611062             0.84784                   1
          173.565835             0.73275                   1
          195.505342             0.80057                   1
          207.455105             0.76244                   1
          217.419859             0.70936                   1
          239.364333             0.69222                   1
          249.344146             0.88009                   1
          271.273688             0.59794                   1
          287.233281             0.82180                   1
          295.198074             0.84874                   1
