           29.948365             0.86651                   1
           31.931499             0.95532                   1
           49.879910             0.80626                   1
           59.829024             0.94481                   1
           81.777079             0.91597                   1
           89.726377             0.82244                   1
          111.624442             0.93958                   1
          125.589870             1.03765                   1
          129.572851             0.97452                   1
          135.555655             1.46350                   1
          151.520909             0.88169                   1
          153.504063             1.05049                   1
          157.487035             0.80338                   1
          167.452816             0.74124                   1
          187.401057             1.08829                   1
          239.229804             1.00974                   1
          251.178738             0.73240                   1
          275.126630             0.77566                   1
          277.109780             0.56044                   1
          305.040639             0.90861                   1
          313.006602             1.28633                   1
          336.904476             0.98763                   1
