            8.033617             0.87804                   1
           10.016791             0.63080                   1
           41.913954             0.90851                   1
           47.896754             0.87749                   1
           85.743389             1.20552                   1
           93.692679             0.85598                   1
           95.675846             0.72072                   1
          139.538635             0.99240                   1
          165.469669             0.92445                   1
          177.435274             0.93440                   1
          203.366315             1.07446                   1
          217.315079             0.80520                   1
          227.280861             0.85510                   1
          241.212960             1.14649                   1
          267.160662             0.89387                   1
          273.143467             0.78290                   1
          285.092409             0.93751                   1
          295.074858             0.95471                   1
          318.989407             0.79935                   1
          330.921681             0.85068                   1
          338.887642             0.96440                   1
