            8.033617             0.51661                   1
           10.016791             0.51660                   1
           41.913954             0.51661                   1
           47.896754             0.51661                   1
           85.743389             0.51663                   1
           93.692679             0.51663                   1
           95.675846             0.51662                   1
          139.538635             0.51662                   1
          165.469669             0.51661                   1
          177.435274             0.49996                   1
          203.366315             0.51661                   1
          217.315079             0.51662                   1
          227.280861             0.51662                   1
          241.212960             0.51662                   1
          267.160662             0.49994                   1
          273.143467             0.51662                   1
          285.092409             0.51660                   1
          295.074858             0.51662                   1
          318.989407             0.51661                   1
          330.921681             0.51662                   1
          338.887642             0.51661                   1
