           29.948365             0.51659                   1
           31.931499             0.51661                   1
           49.879910             0.51662                   1
           59.829024             0.51662                   1
           81.777079             0.51662                   1
           89.726377             0.51663                   1
          111.624442             0.51661                   1
          125.589870             0.51662                   1
          129.572851             0.51660                   1
          135.555655             0.51661                   1
          151.520909             0.51660                   1
          153.504063             0.51662                   1
          157.487035             0.51665                   1
          167.452816             0.51662                   1
          187.401057             0.51662                   1
          239.229804             0.51662                   1
          251.178738             0.51662                   1
          275.126630             0.51662                   1
          277.109780             0.51662                   1
          305.040639             0.51662                   1
          313.006602             0.51661                   1
          336.904476             0.51662                   1
