           13.999766             1.03167                   1
           15.982914             0.70446                   1
           51.863065             1.11906                   1
           67.811658             1.27386                   1
           75.794275             0.96300                   1
           83.760231             1.08476                   1
           87.726554             1.20629                   1
           91.709536             0.83916                   1
          107.641456             0.89869                   1
          173.435629             1.24631                   1
          199.383331             1.10560                   1
          207.349297             1.10734                   1
          213.332101             0.91632                   1
          225.297712             0.97432                   1
          229.264021             0.91186                   1
          237.246650             0.94496                   1
          245.195943             0.69142                   1
          255.161716             0.83725                   1
          301.057663             0.81972                   1
          324.955544             0.92109                   1
          326.938699             0.73779                   1
          340.870779             0.74920                   1
