           16.001403             0.51662                   1
           65.830737             0.51662                   1
           71.796941             0.51662                   1
           75.763290             0.51662                   1
           87.745664             0.51663                   1
           97.711533             0.51663                   1
          117.643282             0.51662                   1
          137.575020             0.51662                   1
          145.557723             0.51662                   1
          147.540890             0.51670                   1
          153.523757             0.51662                   1
          163.489626             0.51662                   1
          173.438830             0.51662                   1
          195.353734             0.51663                   1
          207.319453             0.49996                   1
          229.234370             0.51662                   1
          239.183579             0.51662                   1
          249.166113             0.51662                   1
          271.064373             0.51662                   1
          279.047051             0.51662                   1
          287.013083             0.51662                   1
          294.979117             0.51662                   1
          314.927537             0.51661                   1
