            8.018697             0.51663                   1
           29.983631             0.51662                   1
           45.932344             0.51662                   1
           49.898690             0.51662                   1
           61.864394             0.51662                   1
           73.780115             0.51662                   1
          103.677717             0.51662                   1
          107.660748             0.51664                   1
          115.660108             0.51662                   1
          119.626454             0.51662                   1
          135.591847             0.51662                   1
          155.506926             0.51662                   1
          171.455656             0.51662                   1
          177.421840             0.51662                   1
          189.387545             0.51663                   1
          225.251356             0.51662                   1
          233.200717             0.51662                   1
          251.149285             0.51662                   1
          292.995955             0.51662                   1
          306.961500             0.51662                   1
          320.910378             0.51662                   1
          324.893396             0.51662                   1
          336.875771             0.51663                   1
