           16.001403             1.04608                   1
           65.830737             0.99144                   1
           71.796941             1.12108                   1
           75.763290             1.00264                   1
           87.745664             0.94795                   1
           97.711533             1.04580                   1
          117.643282             1.38552                   1
          137.575020             0.95725                   1
          145.557723             0.94235                   1
          147.540890             0.80713                   1
          153.523757             0.91209                   1
          163.489626             1.20200                   1
          173.438830             0.79651                   1
          195.353734             1.33701                   1
          207.319453             1.25100                   1
          229.234370             1.18353                   1
          239.183579             0.81804                   1
          249.166113             1.12320                   1
          271.064373             1.18439                   1
          279.047051             1.19349                   1
          287.013083             1.18728                   1
          294.979117             0.91707                   1
          314.927537             1.00009                   1
