            8.018697             0.75700                   1
           29.983631             0.79952                   1
           45.932344             1.30637                   1
           49.898690             0.65994                   1
           61.864394             1.01386                   1
           73.780115             0.99385                   1
          103.677717             0.89547                   1
          107.660748             0.92034                   1
          115.660108             1.04875                   1
          119.626454             0.74633                   1
          135.591847             0.85251                   1
          155.506926             0.92087                   1
          171.455656             1.02773                   1
          177.421840             0.72541                   1
          189.387545             0.78338                   1
          225.251356             0.75864                   1
          233.200717             0.73708                   1
          251.149285             0.85200                   1
          292.995955             0.90025                   1
          306.961500             1.03833                   1
          320.910378             1.21707                   1
          324.893396             1.42596                   1
          336.875771             0.73129                   1
