           20.001084             0.51661                   1
           31.966788             0.51662                   1
           35.949833             0.51660                   1
           47.915519             0.51662                   1
           59.881223             0.51657                   1
           63.847573             0.51662                   1
           69.813775             0.51662                   1
           89.728840             0.51663                   1
          101.694561             0.51660                   1
          123.609472             0.51662                   1
          167.472636             0.51662                   1
          183.404690             0.51669                   1
          191.370716             0.51663                   1
          197.336903             0.51664                   1
          203.319752             0.51664                   1
          209.302623             0.51662                   1
          215.285486             0.51662                   1
          231.217543             0.51663                   1
          255.132304             0.51662                   1
          263.114998             0.51662                   1
          265.098172             0.51662                   1
          283.030070             0.51662                   1
