           15.998743             0.51479                   1
           73.811531             0.51537                   1
           79.801710             0.51484                   1
           91.766759             0.51475                   1
           93.763519             0.51477                   1
          103.731820             0.51473                   1
          121.687083             0.51475                   1
          123.668210             0.51481                   1
          155.569719             0.51478                   1
          163.556771             0.51475                   1
          167.534631             0.51521                   1
          191.449118             0.51484                   1
          193.430298             0.51475                   1
          195.411459             0.51535                   1
          197.408240             0.51478                   1
          215.379174             0.51471                   1
          225.331765             0.51478                   1
          249.246212             0.51476                   1
          257.217603             0.51481                   1
          263.192355             0.51480                   1
          287.122355             0.51479                   1
          289.103550             0.51542                   1
          330.988873             0.51477                   1
          334.951177             0.51475                   1
