           14.017604             0.51482                   1
           23.970248             0.51472                   1
           41.941129             0.51480                   1
           55.902908             0.51477                   1
           57.884138             0.51471                   1
           85.792159             0.51463                   1
          101.734877             0.51521                   1
          105.712911             0.51479                   1
          131.639668             0.51481                   1
          147.598186             0.51490                   1
          153.588548             0.51478                   1
          175.521806             0.51469                   1
          181.496487             0.51477                   1
          187.471166             0.51477                   1
          229.309693             0.51477                   1
          231.290866             0.51480                   1
          237.281200             0.51484                   1
          255.236495             0.51467                   1
          299.088141             0.52961                   1
          307.043218             0.51479                   1
          332.970018             0.51479                   1
