            8.027462             0.51495                   1
           17.980759             0.52956                   1
           31.957291             0.51481                   1
           53.906095             0.51488                   1
           63.858734             0.51483                   1
           65.855590             0.51474                   1
           67.836684             0.51489                   1
          127.646111             0.51476                   1
          139.611455             0.51538                   1
          179.515314             0.51477                   1
          185.474394             0.51480                   1
          219.357094             0.51475                   1
          223.334939             0.51487                   1
          247.265041             0.51476                   1
          261.195860             0.51545                   1
          275.141795             0.51479                   1
          301.084099             0.51482                   1
          305.062126             0.51473                   1
          309.040003             0.51480                   1
          319.023836             0.51478                   1
          323.001754             0.51483                   1
          340.941494             0.51474                   1
