           45.904294             0.51479                   1
           57.869169             0.51468                   1
           81.767803             0.51476                   1
           83.764622             0.51475                   1
           99.707433             0.51474                   1
          125.587275             0.51479                   1
          129.580773             0.51476                   1
          137.552170             0.51482                   1
          149.532661             0.51483                   1
          165.491177             0.51477                   1
          207.391878             0.51474                   1
          267.232121             0.51476                   1
          281.178244             0.51479                   1
          285.156135             0.51479                   1
          293.111890             0.51488                   1
          299.086596             0.51482                   1
          309.054809             0.51478                   1
          315.013837             0.51482                   1
          338.959331             0.51473                   1
          340.940502             0.51475                   1
