           14.018539             0.51476                   1
           23.971111             0.51478                   1
           29.961379             0.51482                   1
           61.847105             0.51474                   1
           79.786721             0.51466                   1
           89.723687             0.51474                   1
          111.672347             0.51475                   1
          113.653531             0.51475                   1
          123.606110             0.51479                   1
          145.539188             0.51483                   1
          179.468486             0.51481                   1
          185.443293             0.51541                   1
          189.436669             0.51481                   1
          219.372425             0.51474                   1
          225.362708             0.51480                   1
          241.305494             0.51481                   1
          251.289452             0.51534                   1
          259.245112             0.51480                   1
          273.222390             0.51480                   1
          279.181693             0.51534                   1
          295.093073             0.51480                   1
          313.032718             0.51477                   1
