            8.028412             0.51491                   1
           15.999569             0.51489                   1
           17.981773             0.52944                   1
           31.942517             0.51483                   1
           39.929601             0.51476                   1
           43.907422             0.51475                   1
           47.885404             0.51478                   1
           69.818511             0.51480                   1
           77.805498             0.51484                   1
           85.745744             0.51483                   1
          103.700990             0.51478                   1
          107.678807             0.51480                   1
          115.634659             0.51484                   1
          121.624982             0.51477                   1
          157.504828             0.52972                   1
          167.487973             0.51476                   1
          233.349658             0.51476                   1
          255.282760             0.51483                   1
          257.263899             0.51485                   1
          289.149580             0.51488                   1
          305.061257             0.51487                   1
          321.004116             0.51477                   1
