            8.020716             1.30699                   1
           11.987066             0.58062                   1
           31.918809             0.64830                   1
           45.867673             0.58704                   1
           57.833412             0.86098                   1
           69.832446             0.70965                   1
           87.731023             0.41862                   1
          105.629590             0.87154                   1
          107.612759             0.62433                   1
          111.595783             0.68920                   1
          113.578950             0.74599                   1
          119.545145             0.69963                   1
          123.528156             0.56454                   1
          139.460207             1.17605                   1
          149.459422             0.68859                   1
          183.340045             0.64710                   1
          205.238297             0.61224                   1
          213.220995             0.54940                   1
          227.186536             0.66347                   1
          292.997953             0.88230                   1
          298.964141             0.93194                   1
          302.947159             0.93285                   1
