           19.953099             0.68633                   1
           23.936139             0.62319                   1
           39.884825             0.57811                   1
           47.850863             0.79582                   1
           71.815619             0.80644                   1
           89.714189             0.59541                   1
           91.697364             0.74818                   1
           95.663714             0.58971                   1
          101.646578             0.70267                   1
          125.511321             0.82931                   1
          177.373857             0.94939                   1
          189.322901             0.67207                   1
          197.288931             0.67388                   1
          199.272107             1.00256                   1
          203.255123             0.60347                   1
          219.203851             0.55832                   1
          243.151932             0.88160                   1
          259.100660             1.08447                   1
          281.032243             0.76835                   1
          296.980968             0.87517                   1
          306.930166             0.81370                   1
          312.913031             1.13468                   1
          328.878427             0.98487                   1
