            8.020716             0.51662                   1
           11.987066             0.51662                   1
           31.918809             0.51662                   1
           45.867673             0.51664                   1
           57.833412             0.51661                   1
           69.832446             0.51662                   1
           87.731023             0.51662                   1
          105.629590             0.51662                   1
          107.612759             0.51663                   1
          111.595783             0.51662                   1
          113.578950             0.51663                   1
          119.545145             0.51662                   1
          123.528156             0.51667                   1
          139.460207             0.51664                   1
          149.459422             0.51662                   1
          183.340045             0.51662                   1
          205.238297             0.51664                   1
          213.220995             0.51663                   1
          227.186536             0.51663                   1
          292.997953             0.51662                   1
          298.964141             0.51662                   1
          302.947159             0.51662                   1
