           19.953099             0.51662                   1
           23.936139             0.51660                   1
           39.884825             0.51662                   1
           47.850863             0.51662                   1
           71.815619             0.51662                   1
           89.714189             0.51662                   1
           91.697364             0.51663                   1
           95.663714             0.51662                   1
          101.646578             0.51662                   1
          125.511321             0.51663                   1
          177.373857             0.51662                   1
          189.322901             0.51662                   1
          197.288931             0.51662                   1
          199.272107             0.51662                   1
          203.255123             0.51662                   1
          219.203851             0.51662                   1
          243.151932             0.51662                   1
          259.100660             0.51662                   1
          281.032243             0.51662                   1
          296.980968             0.51662                   1
          306.930166             0.51662                   1
          312.913031             0.51661                   1
          328.878427             0.51662                   1
