           10.003890             0.71581                   1
           13.970247             0.54936                   1
           37.901667             0.56126                   1
           73.798790             0.65521                   1
           79.781656             0.54419                   1
           83.764670             0.76106                   1
           85.747843             0.54582                   1
           93.680539             0.46895                   1
          115.562130             0.51678                   1
          127.494495             0.92610                   1
          167.407986             0.65955                   1
          169.391155             0.54034                   1
          181.356871             0.76628                   1
          193.305917             1.09696                   1
          233.169392             0.59245                   1
          241.168761             0.76885                   1
          261.083834             1.22124                   1
          267.066691             0.96623                   1
          289.014939             0.64940                   1
          316.896036             0.66359                   1
          340.860810             0.77016                   1
