           10.003890             0.51662                   1
           13.970247             0.51662                   1
           37.901667             0.51662                   1
           73.798790             0.51663                   1
           79.781656             0.51662                   1
           83.764670             0.51662                   1
           85.747843             0.51662                   1
           93.680539             0.51662                   1
          115.562130             0.51662                   1
          127.494495             0.51663                   1
          167.407986             0.51662                   1
          169.391155             0.51662                   1
          181.356871             0.51662                   1
          193.305917             0.51662                   1
          233.169392             0.51663                   1
          241.168761             0.49996                   1
          261.083834             0.51662                   1
          267.066691             0.51662                   1
          289.014939             0.51662                   1
          316.896036             0.51664                   1
          340.860810             0.51661                   1
