            8.033204             1.20662                   1
           17.982501             1.05713                   1
           31.948205             1.12319                   1
           53.913291             1.05372                   1
           63.862582             0.97624                   1
           65.845772             1.16104                   1
           67.828962             1.07379                   1
          127.624717             0.98901                   1
          139.607205             1.27030                   1
          179.487701             1.18910                   1
          185.453950             0.99873                   1
          209.352246             1.14802                   1
          219.318205             1.24589                   1
          223.317919             1.11812                   1
          247.232899             1.16270                   1
          261.165284             1.22208                   1
          267.131485             1.02377                   1
          275.097588             1.48948                   1
          301.029069             1.14157                   1
          305.012123             1.06248                   1
          308.978505             1.04799                   1
          318.977799             1.32054                   1
          322.960851             1.04943                   1
          340.892915             1.33303                   1
