           14.016116             1.17556                   1
           23.965406             1.00214                   1
           41.947466             1.02774                   1
           45.930511             1.12466                   1
           55.896478             1.07849                   1
           57.879652             0.98330                   1
           85.777691             1.17273                   1
          101.726562             1.37558                   1
          105.692949             0.94514                   1
          109.676003             0.93003                   1
          131.607766             0.99786                   1
          147.589971             1.13539                   1
          153.572880             0.96837                   1
          175.504659             0.99620                   1
          181.470898             1.08586                   1
          187.437140             1.16752                   1
          229.284171             1.12776                   1
          231.267353             1.29651                   1
          237.250273             1.09750                   1
          255.198989             1.19645                   1
          271.114538             1.16864                   1
          299.045879             1.11680                   1
          306.995308             1.27126                   1
