            8.033204             0.51665                   1
           17.982501             0.51662                   1
           31.948205             0.51659                   1
           53.913291             0.51662                   1
           63.862582             0.51662                   1
           65.845772             0.51662                   1
           67.828962             0.51663                   1
          127.624717             0.51663                   1
          139.607205             0.51663                   1
          179.487701             0.51663                   1
          185.453950             0.51663                   1
          209.352246             0.51662                   1
          219.318205             0.51664                   1
          223.317919             0.49997                   1
          247.232899             0.51662                   1
          261.165284             0.51658                   1
          267.131485             0.51663                   1
          275.097588             0.51662                   1
          301.029069             0.51663                   1
          305.012123             0.51662                   1
          308.978505             0.51667                   1
          318.977799             0.49996                   1
          322.960851             0.51660                   1
          340.892915             0.51663                   1
