           15.999301             0.51664                   1
           73.811876             0.51662                   1
           79.794786             0.51662                   1
           91.760598             0.51662                   1
           93.743826             0.51659                   1
          103.709739             0.51665                   1
          121.658474             0.51662                   1
          123.641669             0.51662                   1
          155.556073             0.51663                   1
          163.538832             0.51658                   1
          167.521883             0.51661                   1
          191.420192             0.51662                   1
          193.403383             0.51664                   1
          195.386570             0.51663                   1
          197.369829             0.51656                   1
          215.335154             0.51663                   1
          225.301117             0.51662                   1
          249.216082             0.51664                   1
          257.182188             0.51665                   1
          263.148420             0.51664                   1
          287.080072             0.51661                   1
          289.063260             0.51663                   1
          330.943623             0.51663                   1
          334.910003             0.51662                   1
