           15.999301             1.11236                   1
           73.811876             1.05079                   1
           79.794786             0.91572                   1
           91.760598             0.93373                   1
           93.743826             0.93448                   1
          103.709739             1.03238                   1
          121.658474             1.01130                   1
          123.641669             1.10811                   1
          155.556073             1.22512                   1
          163.538832             1.15425                   1
          167.521883             1.09114                   1
          191.420192             1.11238                   1
          193.403383             1.05714                   1
          195.386570             1.30595                   1
          197.369829             1.10663                   1
          215.335154             1.10100                   1
          225.301117             1.15884                   1
          249.216082             1.09957                   1
          257.182188             1.06121                   1
          263.148420             1.15090                   1
          287.080072             1.13882                   1
          289.063260             1.15563                   1
          330.943623             1.24251                   1
          334.910003             1.02809                   1
