           14.016116             0.51663                   1
           23.965406             0.51663                   1
           41.947466             0.51663                   1
           45.930511             0.51665                   1
           55.896478             0.51663                   1
           57.879652             0.51665                   1
           85.777691             0.51663                   1
          101.726562             0.51663                   1
          105.692949             0.51661                   1
          109.676003             0.51662                   1
          131.607766             0.51663                   1
          147.589971             0.51662                   1
          153.572880             0.51662                   1
          175.504659             0.51663                   1
          181.470898             0.51662                   1
          187.437140             0.51663                   1
          229.284171             0.51662                   1
          231.267353             0.51664                   1
          237.250273             0.51663                   1
          255.198989             0.51663                   1
          271.114538             0.51662                   1
          299.045879             0.51663                   1
          306.995308             0.51664                   1
