            8.025115             1.02254                   1
           12.002841             0.51493                   1
           31.939207             0.88372                   1
           45.900901             0.66559                   1
           57.865837             0.94831                   1
           69.846386             0.69539                   1
           87.754837             0.62635                   1
          105.663200             0.58146                   1
          107.644286             0.65626                   1
          111.637827             0.63864                   1
          113.618977             0.74544                   1
          119.593680             1.01853                   1
          123.571582             0.68850                   1
          149.498184             0.78509                   1
          159.466404             0.64853                   1
          183.380942             0.80529                   1
          205.298158             0.62348                   1
          213.285180             0.70015                   1
          227.246833             0.68211                   1
          255.170238             0.59782                   1
          293.061870             0.94496                   1
          299.036469             0.64222                   1
          303.014577             0.64002                   1
