           10.021692             0.51479                   1
           13.984039             0.51474                   1
           37.929466             0.51472                   1
           73.824303             0.51476                   1
           79.798955             0.51473                   1
           83.792439             0.51474                   1
           85.773657             0.51485                   1
           93.713849             0.51475                   1
          115.600196             0.51467                   1
          127.533944             0.51541                   1
          137.518652             0.52942                   1
          167.453409             0.51477                   1
          169.434533             0.51478                   1
          181.399504             0.51474                   1
          193.364487             0.51474                   1
          233.237099             0.51485                   1
          241.224153             0.51483                   1
          249.195594             0.51478                   1
          267.135225             0.51477                   1
          277.118976             0.51479                   1
          289.083899             0.51475                   1
          316.976087             0.51475                   1
          340.937915             0.52954                   1
