           19.974283             0.51481                   1
           23.952155             0.51481                   1
           39.910610             0.51486                   1
           47.882026             0.51480                   1
           71.827507             0.51479                   1
           89.735974             0.51473                   1
           91.717856             0.52963                   1
           95.695057             0.51473                   1
          101.685263             0.51480                   1
          125.552678             0.51481                   1
          177.421598             0.51480                   1
          189.370923             0.51475                   1
          197.342376             0.51470                   1
          199.323514             0.51474                   1
          203.316993             0.51484                   1
          219.259866             0.51483                   1
          281.096899             0.51474                   1
          297.055277             0.51483                   1
          307.007847             0.51487                   1
          312.998109             0.51493                   1
          328.956624             0.51467                   1
