            8.025115             0.51495                   1
           12.002841             0.51479                   1
           31.939207             0.51484                   1
           45.900901             0.51479                   1
           57.865837             0.51471                   1
           69.846386             0.51479                   1
           87.754837             0.51470                   1
          105.663200             0.51478                   1
          107.644286             0.51482                   1
          111.637827             0.51477                   1
          113.618977             0.51483                   1
          119.593680             0.51473                   1
          123.571582             0.51477                   1
          149.498184             0.51480                   1
          159.466404             0.51481                   1
          183.380942             0.51544                   1
          205.298158             0.51472                   1
          213.285180             0.51481                   1
          227.246833             0.51484                   1
          255.170238             0.51486                   1
          293.061870             0.51468                   1
          299.036469             0.51481                   1
          303.014577             0.51550                   1
