           19.974283             0.67304                   1
           23.952155             0.77501                   1
           39.910610             0.66410                   1
           47.882026             0.74045                   1
           71.827507             0.61819                   1
           89.735974             0.57320                   1
           91.717856             0.63127                   1
           95.695057             0.43790                   1
          101.685263             0.82348                   1
          125.552678             0.80337                   1
          177.421598             0.69280                   1
          189.370923             0.72714                   1
          197.342376             0.79543                   1
          199.323514             0.60629                   1
          203.316993             0.59665                   1
          219.259866             0.80521                   1
          281.096899             1.15826                   1
          297.055277             0.89550                   1
          307.007847             0.69458                   1
          312.998109             0.75215                   1
          328.956624             0.80114                   1
