           10.021692             0.76993                   1
           13.984039             0.59146                   1
           37.929466             0.88532                   1
           73.824303             0.54136                   1
           79.798955             0.63048                   1
           83.792439             0.63691                   1
           85.773657             0.65565                   1
           93.713849             0.51518                   1
          115.600196             0.60416                   1
          127.533944             0.55801                   1
          137.518652             0.79701                   1
          167.453409             0.67733                   1
          169.434533             0.84811                   1
          181.399504             0.80278                   1
          193.364487             0.51747                   1
          233.237099             0.64364                   1
          241.224153             0.83228                   1
          249.195594             0.67663                   1
          267.135225             0.60048                   1
          277.118976             0.69637                   1
          289.083899             0.68313                   1
          316.976087             1.06999                   1
          340.937915             1.35545                   1
