           17.982307             0.52006                   1
           65.861237             0.52006                   1
           67.846249             0.51999                   1
          127.704891             0.50506                   1
          139.674647             0.50490                   1
          179.578746             0.50997                   1
          185.553626             0.51999                   1
          209.478110             0.50490                   1
          219.447846             0.51992                   1
          223.432714             0.52004                   1
          247.372202             0.51996                   1
          261.326884             0.50498                   1
          267.296787             0.50493                   1
          275.266536             0.51003                   1
          301.221004             0.50497                   1
          305.205953             0.50498                   1
          309.175735             0.52010                   1
          319.160559             0.52001                   1
          323.160481             0.50501                   1
          341.100117             0.51996                   1
