           14.012487             0.63499                   1
           23.967240             0.72046                   1
           41.946843             0.83573                   1
           55.901541             1.00067                   1
           57.886378             0.45569                   1
           85.810866             1.33838                   1
          101.780514             0.75226                   1
          105.750410             0.79018                   1
          109.735309             0.97325                   1
          131.689825             0.85802                   1
          147.659472             0.87988                   1
          153.644329             0.96681                   1
          175.593780             0.97670                   1
          181.568752             0.75356                   1
          187.538530             1.01558                   1
          231.402549             0.66219                   1
          237.387443             0.86111                   1
          255.342023             0.66598                   1
          271.281701             0.77380                   1
          299.231011             0.66364                   1
          307.190803             0.85556                   1
          333.130308             0.97926                   1
