           15.997408             0.61798                   1
           73.841135             0.76451                   1
           91.795685             0.77743                   1
           93.795679             0.82532                   1
          103.765433             1.15122                   1
          121.720009             0.58814                   1
          123.704959             0.75511                   1
          163.614072             1.20485                   1
          167.608995             0.77769                   1
          191.523409             0.91055                   1
          193.523462             0.64641                   1
          195.508376             0.72546                   1
          197.483330             0.82245                   1
          225.432706             0.92021                   1
          249.357154             0.67502                   1
          257.327081             0.67283                   1
          263.311870             0.62392                   1
          287.251268             0.85974                   1
          331.140330             0.77736                   1
          335.115253             0.70632                   1
