           15.997408             0.50496                   1
           73.841135             0.51000                   1
           91.795685             0.52004                   1
           93.795679             0.50498                   1
          103.765433             0.50496                   1
          121.720009             0.52003                   1
          123.704959             0.52002                   1
          163.614072             0.52000                   1
          167.608995             0.51001                   1
          191.523409             0.52003                   1
          193.523462             0.50498                   1
          195.508376             0.50496                   1
          197.483330             0.52000                   1
          225.432706             0.50490                   1
          249.357154             0.51999                   1
          257.327081             0.51989                   1
          263.311870             0.50499                   1
          287.251268             0.52000                   1
          331.140330             0.50994                   1
          335.115253             0.52002                   1
