           17.982307             0.76106                   1
           65.861237             0.64062                   1
           67.846249             0.78356                   1
          127.704891             1.09111                   1
          139.674647             0.80092                   1
          179.578746             0.71958                   1
          185.553626             0.70450                   1
          209.478110             0.69131                   1
          219.447846             0.74526                   1
          223.432714             0.96826                   1
          247.372202             0.74003                   1
          261.326884             0.77691                   1
          267.296787             0.74286                   1
          275.266536             1.02886                   1
          301.221004             0.81763                   1
          305.205953             0.80048                   1
          309.175735             0.59863                   1
          319.160559             0.69347                   1
          323.160481             0.66946                   1
          341.100117             0.64923                   1
