           14.012487             0.50494                   1
           23.967240             0.51996                   1
           41.946843             0.50497                   1
           55.901541             0.50991                   1
           57.886378             0.52009                   1
           85.810866             0.50991                   1
          101.780514             0.50496                   1
          105.750410             0.50995                   1
          109.735309             0.50998                   1
          131.689825             0.50501                   1
          147.659472             0.50488                   1
          153.644329             0.51998                   1
          175.593780             0.50997                   1
          181.568752             0.50488                   1
          187.538530             0.51998                   1
          231.402549             0.50498                   1
          237.387443             0.50491                   1
          255.342023             0.52004                   1
          271.281701             0.51992                   1
          299.231011             0.50993                   1
          307.190803             0.52001                   1
          333.130308             0.50500                   1
