           79.825980             0.50998                   1
          155.629246             0.52005                   1
          215.462964             0.51997                   1
          289.251260             0.50498                   1
           45.931819             0.50493                   1
          229.417598             0.50496                   1
            8.027583             0.50499                   1
           31.952081             0.52002                   1
           53.916626             0.51986                   1
           63.886353             0.50502                   1
