            8.032900             0.51494                   1
           29.996764             0.51473                   1
           45.940089             0.51538                   1
           49.917725             0.51481                   1
           61.882823             0.51483                   1
           73.801540             0.51549                   1
          103.721591             0.51475                   1
          107.699561             0.51481                   1
          115.686683             0.51481                   1
          119.649001             0.51481                   1
          135.623182             0.51488                   1
          155.544293             0.51482                   1
          171.502905             0.51482                   1
          177.463107             0.52935                   1
          189.442757             0.51477                   1
          225.306796             0.51482                   1
          233.247622             0.52991                   1
          251.202504             0.51474                   1
          267.145600             0.51473                   1
          293.072514             0.51481                   1
          307.018765             0.51477                   1
          320.980633             0.51480                   1
          324.958574             0.51476                   1
          336.939979             0.52967                   1
