           65.860820             0.51475                   1
           71.819872             0.51482                   1
           75.797896             0.51479                   1
           87.778553             0.51483                   1
           97.746866             0.51482                   1
          117.667861             0.51478                   1
          137.604461             0.51478                   1
          145.591630             0.51474                   1
          147.572768             0.51485                   1
          153.563117             0.51480                   1
          163.531392             0.51481                   1
          173.484116             0.51483                   1
          195.401825             0.51513                   1
          207.366992             0.51473                   1
          217.319625             0.51483                   1
          239.237468             0.51469                   1
          249.221396             0.51473                   1
          271.139113             0.51479                   1
          279.110609             0.51484                   1
          295.053699             0.51477                   1
          314.990305             0.51477                   1
