           20.012822             0.51479                   1
           31.977943             0.51478                   1
           35.955857             0.51500                   1
           47.936566             0.51479                   1
           59.901589             0.51483                   1
           63.863986             0.51479                   1
           69.838755             0.51480                   1
           89.759743             0.51476                   1
          101.724778             0.51537                   1
          167.509326             0.51541                   1
          183.452375             0.51480                   1
          191.423950             0.51475                   1
          197.398661             0.51477                   1
          203.373384             0.51472                   1
          209.348065             0.51487                   1
          215.338473             0.51480                   1
          231.265882             0.51480                   1
          255.196092             0.51481                   1
          263.183121             0.51487                   1
          265.164357             0.51483                   1
          283.104216             0.51477                   1
          301.044015             0.51476                   1
          313.009114             0.51477                   1
