            8.032900             0.48694                   1
           29.996764             0.62658                   1
           45.940089             0.61096                   1
           49.917725             0.63327                   1
           61.882823             0.65994                   1
           73.801540             0.58899                   1
          103.721591             0.54838                   1
          107.699561             0.51493                   1
          115.686683             0.61506                   1
          119.649001             0.51673                   1
          135.623182             0.53417                   1
          155.544293             0.64470                   1
          171.502905             0.70979                   1
          177.463107             0.54945                   1
          189.442757             0.61757                   1
          225.306796             0.48894                   1
          233.247622             0.53995                   1
          251.202504             0.51477                   1
          267.145600             0.50532                   1
          293.072514             0.60193                   1
          307.018765             0.72741                   1
          320.980633             0.58928                   1
          324.958574             0.57129                   1
          336.939979             0.60565                   1
