           65.860820             0.56188                   1
           71.819872             0.56271                   1
           75.797896             0.64859                   1
           87.778553             0.81972                   1
           97.746866             0.61924                   1
          117.667861             0.72186                   1
          137.604461             0.64086                   1
          145.591630             0.54955                   1
          147.572768             0.80040                   1
          153.563117             0.73791                   1
          163.531392             0.56146                   1
          173.484116             0.85652                   1
          195.401825             0.65838                   1
          207.366992             0.58107                   1
          217.319625             0.58023                   1
          239.237468             0.63801                   1
          249.221396             0.54989                   1
          271.139113             0.66372                   1
          279.110609             0.80409                   1
          295.053699             0.73271                   1
          314.990305             0.65175                   1
