           20.012822             0.46672                   1
           31.977943             0.56537                   1
           35.955857             0.54742                   1
           47.936566             0.66248                   1
           59.901589             0.60920                   1
           63.863986             0.80674                   1
           69.838755             0.56784                   1
           89.759743             0.55853                   1
          101.724778             0.56927                   1
          167.509326             0.62345                   1
          183.452375             0.60009                   1
          191.423950             0.60438                   1
          197.398661             0.62152                   1
          203.373384             0.63068                   1
          209.348065             0.47194                   1
          215.338473             0.55343                   1
          231.265882             0.55376                   1
          255.196092             0.55106                   1
          263.183121             0.57188                   1
          265.164357             0.50260                   1
          283.104216             0.52242                   1
          301.044015             0.48629                   1
          313.009114             0.59293                   1
