           39.947277             0.51485                   1
           87.807655             0.51474                   1
           93.766795             0.51472                   1
           95.747940             0.51481                   1
          101.722644             0.51481                   1
          115.700128             0.51472                   1
          127.649610             0.51478                   1
          139.614656             0.51497                   1
          159.551330             0.51475                   1
          177.491068             0.51549                   1
          211.373989             0.51478                   1
          219.345476             0.51473                   1
          259.234323             0.51475                   1
          267.221417             0.51481                   1
          275.192929             0.51481                   1
          283.164431             0.51481                   1
          285.145648             0.51479                   1
          297.110714             0.51475                   1
          299.091864             0.51475                   1
          307.079008             0.51473                   1
          317.047312             0.51476                   1
          321.025252             0.51482                   1
          338.949500             0.51479                   1
