            8.030102             0.51496                   1
           19.995085             0.51483                   1
           25.969784             0.51476                   1
           27.966627             0.51475                   1
           49.915596             0.51482                   1
           61.880665             0.51485                   1
           71.833387             0.51475                   1
           81.817278             0.51479                   1
          119.678066             0.51482                   1
          131.643161             0.51477                   1
          147.586202             0.51482                   1
          155.557745             0.51478                   1
          165.526022             0.51472                   1
          207.411595             0.51481                   1
          209.392752             0.51487                   1
          215.352568             0.52972                   1
          253.260238             0.52960                   1
          273.211755             0.51476                   1
          289.123569             0.51483                   1
          309.060158             0.51540                   1
          319.029386             0.52948                   1
          324.987635             0.51480                   1
