           12.023541             0.51479                   1
           16.001530             0.51481                   1
           47.934410             0.51477                   1
           51.896780             0.51478                   1
           63.861835             0.51478                   1
           89.788791             0.51473                   1
           91.769944             0.51478                   1
          113.718967             0.51476                   1
          123.671654             0.51480                   1
          143.608262             0.51481                   1
          153.576552             0.51480                   1
          167.507172             0.51478                   1
          191.453016             0.51470                   1
          195.415320             0.51475                   1
          229.329423             0.51475                   1
          235.319728             0.51483                   1
          241.294442             0.51481                   1
          249.281595             0.51473                   1
          257.253113             0.51478                   1
          277.174025             0.51488                   1
          323.006444             0.51480                   1
          328.981159             0.51478                   1
          336.952704             0.51516                   1
