           14.021747             0.51476                   1
           23.974283             0.51483                   1
           29.964579             0.51475                   1
           61.850210             0.51480                   1
           79.789785             0.51483                   1
           89.726825             0.51530                   1
          111.675580             0.51472                   1
          113.656719             0.51476                   1
          123.609266             0.51474                   1
          179.471638             0.51477                   1
          185.461918             0.51478                   1
          189.439784             0.51485                   1
          191.436575             0.51481                   1
          195.414524             0.51475                   1
          219.391176             0.51473                   1
          225.365814             0.51482                   1
          241.324264             0.51478                   1
          251.308056             0.51478                   1
          259.263826             0.51483                   1
          273.225617             0.51532                   1
          279.200210             0.51477                   1
          295.111900             0.51474                   1
          313.051500             0.51465                   1
