           45.907413             0.61914                   1
           57.872198             1.03791                   1
           67.840525             0.66930                   1
           81.786572             0.68285                   1
           83.767787             0.65358                   1
           99.726156             0.87067                   1
          125.590411             0.65363                   1
          129.583932             0.78001                   1
          137.570924             0.65676                   1
          149.535861             0.80345                   1
          165.509945             0.81284                   1
          207.394987             1.31050                   1
          267.250863             0.68484                   1
          281.181363             0.65792                   1
          285.174886             0.77627                   1
          291.134746             0.80021                   1
          293.130703             0.75621                   1
          299.089770             1.39691                   1
          309.073546             0.85283                   1
          315.032631             0.76557                   1
          338.978099             0.69143                   1
          340.959245             1.03811                   1
