            8.031572             0.64815                   1
           16.002862             0.66858                   1
           17.999661             0.45572                   1
           31.945712             0.74925                   1
           39.932734             0.82595                   1
           43.910638             0.72793                   1
           47.888602             0.56586                   1
           69.821624             0.70418                   1
           77.808677             0.78086                   1
           85.748868             0.58443                   1
          103.704070             0.82868                   1
          107.682017             0.86661                   1
          115.637814             0.74254                   1
          121.628104             0.75209                   1
          157.522922             0.69612                   1
          167.491083             1.02367                   1
          233.352802             0.68791                   1
          255.286204             0.76981                   1
          257.282749             0.74124                   1
          275.222284             0.69713                   1
          289.152769             0.94222                   1
          305.080053             0.87050                   1
          321.022887             0.64717                   1
          332.987860             1.15375                   1
