           45.907413             0.51473                   1
           57.872198             0.51485                   1
           67.840525             0.51477                   1
           81.786572             0.51475                   1
           83.767787             0.51479                   1
           99.726156             0.51484                   1
          125.590411             0.51492                   1
          129.583932             0.51477                   1
          137.570924             0.51484                   1
          149.535861             0.51485                   1
          165.509945             0.51477                   1
          207.394987             0.51476                   1
          267.250863             0.51482                   1
          281.181363             0.51477                   1
          285.174886             0.51473                   1
          291.134746             0.52960                   1
          293.130703             0.51481                   1
          299.089770             0.51492                   1
          309.073546             0.51482                   1
          315.032631             0.51472                   1
          338.978099             0.51479                   1
          340.959245             0.51484                   1
