           14.021747             0.71377                   1
           23.974283             0.65695                   1
           29.964579             0.93045                   1
           61.850210             1.16384                   1
           79.789785             0.65570                   1
           89.726825             0.82233                   1
          111.675580             0.76892                   1
          113.656719             1.10769                   1
          123.609266             0.93084                   1
          179.471638             0.89074                   1
          185.461918             0.81225                   1
          189.439784             1.36229                   1
          191.436575             0.83741                   1
          195.414524             0.89933                   1
          219.391176             0.90593                   1
          225.365814             0.83514                   1
          241.324264             1.06019                   1
          251.308056             1.22010                   1
          259.263826             0.76816                   1
          273.225617             0.77387                   1
          279.200210             0.79908                   1
          295.111900             1.18290                   1
          313.051500             0.99475                   1
