            8.031572             0.51492                   1
           16.002862             0.51476                   1
           17.999661             0.51467                   1
           31.945712             0.51479                   1
           39.932734             0.51470                   1
           43.910638             0.51474                   1
           47.888602             0.51470                   1
           69.821624             0.51482                   1
           77.808677             0.51480                   1
           85.748868             0.51483                   1
          103.704070             0.51482                   1
          107.682017             0.51472                   1
          115.637814             0.51479                   1
          121.628104             0.51481                   1
          157.522922             0.51468                   1
          167.491083             0.51480                   1
          233.352802             0.51482                   1
          255.286204             0.51527                   1
          257.282749             0.51475                   1
          275.222284             0.51483                   1
          289.152769             0.51484                   1
          305.080053             0.51475                   1
          321.022887             0.51480                   1
          332.987860             0.51479                   1
