           19.974858             0.51477                   1
           23.952763             0.51479                   1
           39.911285             0.51478                   1
           47.882707             0.51477                   1
           71.828261             0.51478                   1
           89.736694             0.51473                   1
           91.717795             0.51488                   1
           95.695781             0.51482                   1
          101.671071             0.52979                   1
          125.553617             0.51478                   1
          157.471029             0.51534                   1
          177.422624             0.51479                   1
          189.371999             0.51478                   1
          197.343464             0.51479                   1
          199.324551             0.51486                   1
          203.302527             0.51485                   1
          219.261033             0.51478                   1
          243.206551             0.51483                   1
          259.149420             0.51479                   1
          281.098255             0.51479                   1
          297.041138             0.51481                   1
          306.993937             0.51536                   1
          312.984052             0.51483                   1
          328.958162             0.51474                   1
