           10.022244             0.51476                   1
           13.984586             0.51477                   1
           73.809635             0.51545                   1
           79.799690             0.51479                   1
           83.793227             0.51476                   1
           85.774405             0.51474                   1
           93.714650             0.51476                   1
          115.601048             0.51477                   1
          127.534741             0.51482                   1
          137.518563             0.51483                   1
          167.454435             0.51482                   1
          169.435603             0.51469                   1
          181.400541             0.51480                   1
          193.349882             0.51484                   1
          233.238353             0.51487                   1
          241.209780             0.51497                   1
          249.181244             0.51478                   1
          261.146214             0.51481                   1
          267.120924             0.51477                   1
          277.104782             0.51470                   1
          289.085295             0.51480                   1
          316.977508             0.51485                   1
          340.938747             0.51471                   1
