            8.025550             0.51502                   1
           12.003395             0.51481                   1
           31.939770             0.51477                   1
           45.886568             0.52971                   1
           57.866500             0.51481                   1
           69.847077             0.51475                   1
           87.755606             0.51471                   1
          105.663971             0.51481                   1
          107.645168             0.51482                   1
          111.638674             0.51474                   1
          113.619926             0.51470                   1
          119.578933             0.51522                   1
          123.572459             0.51479                   1
          139.515354             0.51480                   1
          149.499171             0.51472                   1
          159.467372             0.51483                   1
          183.381709             0.51474                   1
          205.299309             0.51488                   1
          213.270960             0.51541                   1
          227.248082             0.51479                   1
          255.171552             0.51487                   1
          293.063212             0.51481                   1
          299.037945             0.51473                   1
          303.015884             0.51480                   1
