          119.685875             0.51475                   1
          253.265728             0.51476                   1
          319.033810             0.51473                   1
           87.800163             0.51479                   1
          127.641647             0.51529                   1
          139.622268             0.51473                   1
          159.542983             0.51477                   1
          177.498182             0.51479                   1
          219.336466             0.51526                   1
          267.227373             0.51483                   1
          275.183938             0.52960                   1
          297.116376             0.51472                   1
          317.052717             0.51476                   1
          321.030581             0.51484                   1
          338.939700             0.52971                   1
           69.844987             0.51470                   1
          113.711207             0.51479                   1
          229.335821             0.51477                   1
