            8.023661             0.67204                   1
           19.988507             0.51492                   1
           25.963095             0.61206                   1
           27.959883             0.49519                   1
           49.908598             0.55380                   1
           61.873577             0.56446                   1
           71.826123             0.71560                   1
           81.809808             0.76361                   1
          131.635242             0.69660                   1
          147.593647             0.60172                   1
          155.550105             0.97300                   1
          165.533191             0.75762                   1
          183.488456             1.32978                   1
          185.469567             0.64461                   1
          207.402730             0.97479                   1
          209.383897             0.46559                   1
          215.358533             0.88272                   1
          273.202014             0.57353                   1
          289.129278             0.71774                   1
          309.065670             0.71674                   1
          324.992937             0.58897                   1
