           39.940427             0.51478                   1
           93.759221             0.51481                   1
           95.740405             0.51477                   1
          101.730688             0.51473                   1
          115.692330             0.51481                   1
          193.441050             0.51468                   1
          211.380606             0.51486                   1
          259.240357             0.51480                   1
          283.154634             0.51473                   1
          285.151383             0.51484                   1
          299.097472             0.51483                   1
          307.084503             0.51475                   1
