           12.017034             0.51473                   1
           15.994842             0.51491                   1
           47.927487             0.51468                   1
           51.889768             0.51480                   1
           63.855317             0.51527                   1
           89.781273             0.51481                   1
           91.778133             0.51475                   1
          123.663794             0.51478                   1
          143.600144             0.51479                   1
          153.568260             0.51479                   1
          167.514402             0.51478                   1
          191.444213             0.51479                   1
          195.422190             0.51474                   1
          235.310503             0.51473                   1
          241.300766             0.51473                   1
          249.287809             0.51481                   1
          257.259222             0.51481                   1
          277.179954             0.51480                   1
          323.011737             0.51480                   1
          328.970811             0.51478                   1
          336.957836             0.51485                   1
