           12.017034             0.50257                   1
           15.994842             0.53263                   1
           47.927487             0.52698                   1
           51.889768             0.49261                   1
           63.855317             0.70266                   1
           89.781273             0.69588                   1
           91.778133             0.77099                   1
          123.663794             0.77238                   1
          143.600144             1.25937                   1
          153.568260             0.91494                   1
          167.514402             1.24834                   1
          191.444213             0.69378                   1
          195.422190             0.83568                   1
          235.310503             0.53821                   1
          241.300766             0.78769                   1
          249.287809             0.53662                   1
          257.259222             0.58881                   1
          277.179954             0.82739                   1
          323.011737             0.76227                   1
          328.970811             0.56299                   1
          336.957836             0.48771                   1
