           87.800163             0.74108                   1
          127.641647             0.78636                   1
          139.622268             1.51567                   1
          159.542983             0.84408                   1
          177.498182             0.72826                   1
          219.336466             0.59274                   1
          267.227373             0.94828                   1
          275.183938             0.59153                   1
          297.116376             1.38637                   1
          317.052717             1.51567                   1
          321.030581             1.51567                   1
          338.939700             1.15373                   1
