            8.023661             0.51482                   1
           19.988507             0.51478                   1
           25.963095             0.51477                   1
           27.959883             0.51483                   1
           49.908598             0.51480                   1
           61.873577             0.51478                   1
           71.826123             0.51474                   1
           81.809808             0.51501                   1
          131.635242             0.51471                   1
          147.593647             0.51475                   1
          155.550105             0.52975                   1
          165.533191             0.51486                   1
          183.488456             0.51479                   1
          185.469567             0.51481                   1
          207.402730             0.51479                   1
          209.383897             0.51471                   1
          215.358533             0.51467                   1
          273.202014             0.51482                   1
          289.129278             0.51482                   1
          309.065670             0.51479                   1
          324.992937             0.51472                   1
