           39.940427             0.61826                   1
           93.759221             0.69379                   1
           95.740405             1.00857                   1
          101.730688             0.68212                   1
          115.692330             0.98405                   1
          193.441050             0.53695                   1
          211.380606             0.55683                   1
          259.240357             0.83154                   1
          283.154634             0.52460                   1
          285.151383             0.57579                   1
          299.097472             0.62124                   1
          307.084503             0.69795                   1
