           27.963208             0.51490                   1
           83.826960             0.51478                   1
           93.810998             0.52956                   1
          103.794157             0.51477                   1
          137.645794             0.51480                   1
          141.639269             0.51486                   1
          157.566719             0.51479                   1
          165.522631             0.51483                   1
          181.465728             0.51481                   1
          187.456081             0.51473                   1
          191.418472             0.51476                   1
          211.355061             0.51478                   1
          215.333962             0.52943                   1
          229.310444             0.51475                   1
          235.300816             0.51480                   1
          239.278775             0.51480                   1
          247.250287             0.51480                   1
          255.237432             0.51477                   1
          261.196536             0.51477                   1
          277.155218             0.51474                   1
          281.118546             0.52938                   1
          295.094978             0.51477                   1
          311.038020             0.51478                   1
          316.997166             0.51476                   1
