            8.026778             0.51502                   1
           14.001419             0.51483                   1
           21.988543             0.51487                   1
           35.934802             0.51476                   1
           37.931585             0.51479                   1
           71.845637             0.51481                   1
           97.803773             0.51478                   1
          107.756506             0.51482                   1
          111.718881             0.51527                   1
          117.709148             0.51481                   1
          131.671054             0.51478                   1
          159.563572             0.51474                   1
          163.541533             0.51472                   1
          167.503842             0.51487                   1
          179.484586             0.51474                   1
          189.437296             0.51474                   1
          205.380285             0.51517                   1
          209.373862             0.51482                   1
          257.218573             0.51477                   1
          265.190071             0.51483                   1
          279.136334             0.51482                   1
          303.066537             0.51478                   1
          313.019233             0.51476                   1
          336.933932             0.51540                   1
