           10.023461             0.48830                   1
           23.969732             0.54984                   1
           45.903863             0.58324                   1
           55.887892             0.63103                   1
           57.883802             0.57907                   1
           65.870894             0.73581                   1
          105.775349             0.95860                   1
          109.737642             0.54825                   1
          121.687877             0.67775                   1
          129.674233             0.70731                   1
          147.614141             0.62305                   1
          153.604424             0.64863                   1
          155.585613             0.64339                   1
          177.487781             0.74882                   1
          201.402345             0.76181                   1
          217.329772             0.49812                   1
          241.259949             0.79942                   1
          273.177224             0.60962                   1
          293.113831             1.03256                   1
          297.076182             0.55820                   1
          307.044471             0.60574                   1
          322.987515             0.58239                   1
          326.965429             0.50038                   1
          334.952634             0.76102                   1
