            8.026778             0.65307                   1
           14.001419             0.51496                   1
           21.988543             0.51499                   1
           35.934802             0.76848                   1
           37.931585             0.60364                   1
           71.845637             0.66497                   1
           97.803773             0.87438                   1
          107.756506             0.60141                   1
          111.718881             0.69496                   1
          117.709148             0.88059                   1
          131.671054             0.75043                   1
          159.563572             0.76938                   1
          163.541533             0.64734                   1
          167.503842             0.58895                   1
          179.484586             0.73595                   1
          189.437296             0.66306                   1
          205.380285             0.71976                   1
          209.373862             0.81412                   1
          257.218573             0.75255                   1
          265.190071             0.62894                   1
          279.136334             0.86632                   1
          303.066537             0.79974                   1
          313.019233             0.63886                   1
          336.933932             0.77972                   1
