           10.023461             0.51481                   1
           23.969732             0.51479                   1
           45.903863             0.51487                   1
           55.887892             0.52958                   1
           57.883802             0.51477                   1
           65.870894             0.51478                   1
          105.775349             0.51476                   1
          109.737642             0.51480                   1
          121.687877             0.52964                   1
          129.674233             0.51478                   1
          147.614141             0.51467                   1
          153.604424             0.51476                   1
          155.585613             0.51476                   1
          177.487781             0.51548                   1
          201.402345             0.51471                   1
          217.329772             0.51480                   1
          241.259949             0.51480                   1
          273.177224             0.51481                   1
          293.113831             0.51478                   1
          297.076182             0.51478                   1
          307.044471             0.51477                   1
          322.987515             0.51479                   1
          326.965429             0.51483                   1
          334.952634             0.51473                   1
