           27.963208             0.53223                   1
           83.826960             0.74749                   1
           93.810998             0.73922                   1
          103.794157             0.56382                   1
          137.645794             0.81556                   1
          141.639269             0.56598                   1
          157.566719             0.47821                   1
          165.522631             0.60219                   1
          181.465728             0.57085                   1
          187.456081             0.56432                   1
          191.418472             0.56187                   1
          211.355061             0.80088                   1
          215.333962             0.46999                   1
          229.310444             0.72514                   1
          235.300816             0.61474                   1
          239.278775             0.56471                   1
          247.250287             0.56106                   1
          255.237432             0.62177                   1
          261.196536             1.09447                   1
          277.155218             0.52752                   1
          281.118546             0.66015                   1
          295.094978             0.53145                   1
          311.038020             0.59612                   1
          316.997166             0.58084                   1
