            8.032232             0.51497                   1
           19.997170             0.51471                   1
           25.971854             0.51483                   1
           27.968664             0.51471                   1
           49.917651             0.51476                   1
           61.882731             0.51476                   1
           71.835491             0.51469                   1
           81.819365             0.51476                   1
          119.680153             0.51485                   1
          131.645186             0.51485                   1
          147.588252             0.51481                   1
          155.559824             0.51473                   1
          165.528075             0.51473                   1
          183.483526             0.51476                   1
          185.464615             0.51481                   1
          207.413638             0.51483                   1
          209.394833             0.51481                   1
          215.354547             0.52985                   1
          253.262277             0.52965                   1
          273.213801             0.51479                   1
          289.125583             0.51484                   1
          309.062258             0.51538                   1
          319.031427             0.52953                   1
          324.989640             0.51474                   1
