           12.025593             0.51480                   1
           16.003589             0.51476                   1
           47.936483             0.51474                   1
           51.898840             0.51482                   1
           63.863873             0.51480                   1
           69.854202             0.51483                   1
           89.790891             0.51472                   1
           91.771957             0.51479                   1
          113.720913             0.51478                   1
          123.673673             0.51477                   1
          143.610292             0.51477                   1
          153.578576             0.51481                   1
          167.509214             0.51479                   1
          191.455058             0.51475                   1
          195.417343             0.51476                   1
          229.331456             0.51473                   1
          235.321832             0.51477                   1
          241.296517             0.51477                   1
          249.283615             0.51483                   1
          257.255180             0.51476                   1
          277.176146             0.51478                   1
          323.008519             0.51477                   1
          328.983213             0.51481                   1
          336.954751             0.51514                   1
