           27.961654             0.51489                   1
           93.823842             0.51473                   1
          103.792079             0.51468                   1
          137.659112             0.51477                   1
          141.637030             0.51477                   1
          157.579982             0.51482                   1
          165.535840             0.51486                   1
          181.463131             0.51485                   1
          187.453523             0.51477                   1
          191.416791             0.52939                   1
          211.367920             0.51478                   1
          215.345830             0.51484                   1
          229.323170             0.51474                   1
          235.297839             0.51482                   1
          239.291457             0.51482                   1
          247.262936             0.51482                   1
