          147.627387             0.51476                   1
          273.174209             0.51526                   1
          293.126169             0.51479                   1
          297.088542             0.51483                   1
          307.056729             0.51487                   1
          257.231222             0.51475                   1
          265.202614             0.51483                   1
          279.148827             0.51478                   1
          303.078879             0.51477                   1
          313.031494             0.51478                   1
           83.840010             0.51477                   1
          255.235062             0.52977                   1
          261.209063             0.51475                   1
          277.167647             0.51479                   1
          281.129937             0.51486                   1
          295.107264             0.51490                   1
          311.050310             0.51477                   1
          317.009374             0.51478                   1
