           10.021944             0.54578                   1
           23.968194             0.44716                   1
           45.917046             0.72176                   1
           55.900765             0.88979                   1
           57.881962             0.58054                   1
           65.869088             0.61723                   1
          105.773234             0.52803                   1
          109.736128             0.63709                   1
          121.700524             0.74438                   1
          129.687655             0.83706                   1
          153.602188             1.00193                   1
          155.584007             1.41203                   1
          177.500811             0.77469                   1
          201.415299             1.30759                   1
          217.327006             0.67546                   1
          241.272632             0.65733                   1
          322.999687             0.54420                   1
          326.977610             0.57417                   1
          334.964693             0.74688                   1
