            8.025396             0.51487                   1
           13.999872             0.51483                   1
           21.987048             0.51471                   1
           35.933661             0.51528                   1
           37.929955             0.51471                   1
           71.843739             0.51481                   1
           97.801806             0.51475                   1
          107.754427             0.51471                   1
          111.732311             0.51481                   1
          117.706993             0.51478                   1
          131.668723             0.51490                   1
          159.561174             0.51485                   1
          163.539071             0.51488                   1
          167.517017             0.51482                   1
          179.482047             0.51471                   1
          189.434604             0.51484                   1
          205.393207             0.51475                   1
          209.371466             0.51529                   1
          336.945878             0.51527                   1
