            8.025396             0.67038                   1
           13.999872             0.60774                   1
           21.987048             0.68434                   1
           35.933661             0.63339                   1
           37.929955             0.56506                   1
           71.843739             0.85841                   1
           97.801806             0.72372                   1
          107.754427             0.69882                   1
          111.732311             0.68086                   1
          117.706993             0.85858                   1
          131.668723             0.80795                   1
          159.561174             0.91480                   1
          163.539071             0.72078                   1
          167.517017             0.51877                   1
          179.482047             0.91340                   1
          189.434604             0.76057                   1
          205.393207             0.76957                   1
          209.371466             0.83920                   1
          336.945878             0.83768                   1
