           27.961654             0.55755                   1
           93.823842             0.84574                   1
          103.792079             0.54927                   1
          137.659112             0.75340                   1
          141.637030             1.03136                   1
          157.579982             1.12005                   1
          165.535840             0.75597                   1
          181.463131             0.70822                   1
          187.453523             0.78172                   1
          191.416791             0.81033                   1
          211.367920             0.69872                   1
          215.345830             0.70469                   1
          229.323170             0.65509                   1
          235.297839             0.68824                   1
          239.291457             0.59053                   1
          247.262936             0.81879                   1
