           27.949099             0.51662                   1
           83.811775             0.51664                   1
           93.794417             0.51662                   1
          103.760353             0.51663                   1
          137.624752             0.51651                   1
          141.607671             0.51667                   1
          157.539882             0.51663                   1
          165.489319             0.51661                   1
          181.421507             0.51663                   1
          187.404420             0.51663                   1
          191.370812             0.51663                   1
          211.319394             0.51662                   1
          215.302481             0.51660                   1
          229.268120             0.51660                   1
          235.251031             0.51661                   1
          239.234079             0.51663                   1
          247.200194             0.51662                   1
          255.182959             0.51661                   1
          261.149192             0.51661                   1
          277.098061             0.51661                   1
          281.064438             0.51664                   1
          295.030115             0.51662                   1
          310.978987             0.51663                   1
          316.945222             0.51663                   1
