           27.949099             0.96236                   1
           83.811775             1.21870                   1
           93.794417             1.03590                   1
          103.760353             0.86180                   1
          137.624752             1.01280                   1
          141.607671             1.06179                   1
          157.539882             1.02530                   1
          165.489319             0.95574                   1
          181.421507             0.96722                   1
          187.404420             1.08027                   1
          191.370812             1.10577                   1
          211.319394             0.99683                   1
          215.302481             0.97368                   1
          229.268120             1.04779                   1
          235.251031             1.05680                   1
          239.234079             0.95366                   1
          247.200194             1.09142                   1
          255.182959             1.01252                   1
          261.149192             1.04612                   1
          277.098061             1.03303                   1
          281.064438             1.04259                   1
          295.030115             1.05263                   1
          310.978987             0.93549                   1
          316.945222             0.73722                   1
