           10.017025             1.01476                   1
           23.966026             0.90553                   1
           45.897801             1.02937                   1
           55.880442             0.86260                   1
           57.863622             1.05533                   1
           65.846393             1.11241                   1
          105.743540             0.86256                   1
          109.709936             0.86409                   1
          121.675735             1.07410                   1
          129.658534             0.95515                   1
          147.590589             1.36679                   1
          153.573498             0.95975                   1
          155.556689             1.08052                   1
          177.455136             1.10969                   1
          201.370103             1.15430                   1
          217.285638             0.94250                   1
          241.217272             1.09045                   1
          273.115009             1.30415                   1
          293.046918             1.23588                   1
          297.029979             1.04474                   1
          306.995936             1.06262                   1
          322.928139             0.77015                   1
          326.911188             0.93904                   1
          334.893948             1.05211                   1
