            8.017159             0.51663                   1
           14.000075             0.51662                   1
           21.982842             0.51662                   1
           35.931851             0.51662                   1
           37.915177             0.51650                   1
           71.829304             0.51662                   1
           97.777437             0.51665                   1
          107.726708             0.51666                   1
          111.709794             0.51662                   1
          117.692721             0.51662                   1
          131.641718             0.51662                   1
          159.523071             0.51663                   1
          163.506127             0.51662                   1
          167.472507             0.51663                   1
          179.438315             0.51664                   1
          189.387621             0.51662                   1
          205.353152             0.51663                   1
          209.336199             0.51663                   1
          257.166132             0.51663                   1
          265.132243             0.51662                   1
          279.081239             0.51664                   1
          303.012913             0.51660                   1
          312.962178             0.51663                   1
          336.877147             0.51662                   1
