           10.017025             0.49995                   1
           23.966026             0.51663                   1
           45.897801             0.51663                   1
           55.880442             0.51662                   1
           57.863622             0.51663                   1
           65.846393             0.51663                   1
          105.743540             0.51664                   1
          109.709936             0.51662                   1
          121.675735             0.51665                   1
          129.658534             0.51661                   1
          147.590589             0.51659                   1
          153.573498             0.51662                   1
          155.556689             0.51663                   1
          177.455136             0.51662                   1
          201.370103             0.49996                   1
          217.285638             0.51663                   1
          241.217272             0.51663                   1
          273.115009             0.51662                   1
          293.046918             0.51663                   1
          297.029979             0.51662                   1
          306.995936             0.51662                   1
          322.928139             0.51662                   1
          326.911188             0.51662                   1
          334.893948             0.51663                   1
