            8.017159             0.98266                   1
           14.000075             1.03167                   1
           21.982842             0.62471                   1
           35.931851             1.07549                   1
           37.915177             0.96411                   1
           71.829304             0.88140                   1
           97.777437             1.16479                   1
          107.726708             0.78331                   1
          111.709794             0.99219                   1
          117.692721             1.07317                   1
          131.641718             1.11590                   1
          159.523071             1.04209                   1
          163.506127             0.97892                   1
          167.472507             1.08452                   1
          179.438315             0.96646                   1
          189.387621             1.09700                   1
          205.353152             0.93918                   1
          209.336199             0.77209                   1
          257.166132             1.14128                   1
          265.132243             1.09504                   1
          279.081239             1.13781                   1
          303.012913             1.06171                   1
          312.962178             1.12044                   1
          336.877147             1.13288                   1
