           39.941713             0.50992                   1
           87.820940             0.51993                   1
           93.780955             0.51982                   1
           95.770815             0.51995                   1
          101.760711             0.50990                   1
          115.730409             0.51000                   1
          127.700199             0.52006                   1
          139.670014             0.51993                   1
          159.599726             0.50994                   1
          193.509134             0.52000                   1
          211.458789             0.52001                   1
          219.428700             0.51992                   1
          259.338016             0.51998                   1
          267.337913             0.49999                   1
          275.307861             0.51991                   1
          285.277614             0.50004                   1
          297.237390             0.50996                   1
          299.227478             0.50992                   1
          307.207240             0.52006                   1
          317.187064             0.50997                   1
          321.167040             0.49991                   1
          339.096664             0.51003                   1
