           12.012213             0.51986                   1
           15.992041             0.50999                   1
           47.941495             0.50004                   1
           51.911423             0.50003                   1
           63.881315             0.51991                   1
           69.861245             0.50997                   1
           89.810918             0.50993                   1
          113.740435             0.52000                   1
          123.710276             0.50997                   1
          143.650026             0.51990                   1
          153.629830             0.50999                   1
          167.589623             0.49990                   1
          191.519219             0.51989                   1
          229.418520             0.51002                   1
          235.408586             0.51989                   1
          241.388340             0.52008                   1
          249.388246             0.50002                   1
          257.358084             0.51998                   1
          277.287804             0.50990                   1
          323.146986             0.50993                   1
          329.116912             0.51997                   1
          337.116731             0.50006                   1
