           12.020378             0.51662                   1
           16.003398             0.51662                   1
           47.917518             0.51662                   1
           51.883863             0.51662                   1
           63.849575             0.51663                   1
           69.832437             0.51662                   1
           89.764177             0.51662                   1
           91.764012             0.49995                   1
          113.695602             0.51662                   1
          123.644807             0.51662                   1
          143.576554             0.51662                   1
          167.474649             0.51662                   1
          191.422738             0.51662                   1
          195.389085             0.51662                   1
          235.269245             0.51662                   1
          249.234799             0.51662                   1
          257.200814             0.51663                   1
          322.945589             0.51662                   1
          328.911784             0.51662                   1
          336.894468             0.51663                   1
