           39.934823             0.63205                   1
           87.781003             0.72063                   1
           93.747192             0.61030                   1
          101.713225             0.74803                   1
          115.678754             1.12614                   1
          127.627822             0.80074                   1
          139.593541             1.05872                   1
          159.508621             0.76711                   1
          193.405916             1.17292                   1
          211.337815             0.71257                   1
          259.183993             0.99311                   1
          267.166715             0.98621                   1
          283.115437             0.83706                   1
          285.098611             0.71784                   1
          297.064323             0.82380                   1
          307.030196             0.72966                   1
          316.996068             0.80353                   1
          320.962416             0.98109                   1
          338.877652             0.53739                   1
