          309.013366             0.51662                   1
           95.730365             0.51663                   1
          177.457191             0.51662                   1
          219.303845             0.51663                   1
          275.149398             0.51662                   1
          299.047495             0.51662                   1
          153.542432             0.51662                   1
          229.286387             0.51662                   1
          241.252102             0.51662                   1
          277.132578             0.51662                   1
