            8.037364             1.01034                   1
           19.986408             0.61300                   1
           25.969269             0.57401                   1
           27.952439             0.87876                   1
           49.900688             0.64192                   1
           61.866406             0.77998                   1
           71.815607             0.71842                   1
           81.798151             0.73563                   1
          119.661794             0.70301                   1
          131.610837             0.97766                   1
          147.559573             0.70049                   1
          155.525603             0.51027                   1
          165.491481             0.80010                   1
          183.440050             0.80306                   1
          185.439880             0.77918                   1
          207.371466             0.84700                   1
          209.354642             0.75976                   1
          215.320834             0.84942                   1
          253.217809             0.72748                   1
          273.149559             1.22719                   1
          289.081626             0.88669                   1
          318.979235             0.66829                   1
          324.928763             0.57462                   1
