           12.020378             0.53929                   1
           16.003398             0.46810                   1
           47.917518             0.64916                   1
           51.883863             0.60272                   1
           63.849575             0.77270                   1
           69.832437             0.74965                   1
           89.764177             0.78540                   1
           91.764012             0.64956                   1
          113.695602             0.72536                   1
          123.644807             0.63989                   1
          143.576554             1.20362                   1
          167.474649             1.41686                   1
          191.422738             0.94814                   1
          195.389085             1.38969                   1
          235.269245             0.69254                   1
          249.234799             0.53459                   1
          257.200814             0.71240                   1
          322.945589             0.58986                   1
          328.911784             0.64751                   1
          336.894468             0.67264                   1
