            8.037364             0.51662                   1
           19.986408             0.51663                   1
           25.969269             0.51662                   1
           27.952439             0.51665                   1
           49.900688             0.51662                   1
           61.866406             0.51662                   1
           71.815607             0.51662                   1
           81.798151             0.51662                   1
          119.661794             0.51662                   1
          131.610837             0.51662                   1
          147.559573             0.51662                   1
          155.525603             0.51662                   1
          165.491481             0.51661                   1
          183.440050             0.51662                   1
          185.439880             0.51662                   1
          207.371466             0.51662                   1
          209.354642             0.51662                   1
          215.320834             0.51662                   1
          253.217809             0.51662                   1
          273.149559             0.51662                   1
          289.081626             0.51662                   1
          318.979235             0.51663                   1
          324.928763             0.51663                   1
