            8.020321             0.51506                   1
           10.016950             0.51475                   1
           41.918355             0.51478                   1
           47.908650             0.51478                   1
           57.861280             0.51470                   1
           85.769096             0.51489                   1
           93.709317             0.51487                   1
           95.690515             0.51490                   1
          117.623721             0.51480                   1
          139.572477             0.51479                   1
          165.499135             0.51482                   1
          177.464200             0.51475                   1
          203.390840             0.51478                   1
          217.352582             0.51479                   1
          227.320833             0.51469                   1
          241.251308             0.51476                   1
          267.193700             0.51479                   1
          273.183898             0.51484                   1
          285.133304             0.51477                   1
          295.117074             0.51483                   1
          309.078871             0.51474                   1
          319.047068             0.51479                   1
          330.980862             0.51475                   1
          338.952285             0.51473                   1
