           13.994868             0.51480                   1
           15.976005             0.51478                   1
           67.829460             0.51477                   1
           75.816477             0.51481                   1
           83.787894             0.51478                   1
           87.750276             0.51477                   1
           91.712553             0.51499                   1
          105.674325             0.51474                   1
          107.655541             0.51474                   1
          173.470612             0.51481                   1
          179.445307             0.51483                   1
          199.412888             0.51484                   1
          207.384374             0.51478                   1
          213.359080             0.51475                   1
          225.339639             0.51480                   1
          229.301992             0.51470                   1
          237.289031             0.51478                   1
          245.244893             0.51480                   1
          255.213067             0.51483                   1
          301.107387             0.51476                   1
          325.006151             0.51478                   1
          327.002950             0.51476                   1
          340.933455             0.51478                   1
