           25.959827             0.51479                   1
           29.953349             0.51480                   1
           31.934544             0.51477                   1
           49.889808             0.51476                   1
           59.842335             0.51475                   1
           81.791140             0.51479                   1
           89.731463             0.51475                   1
          111.649025             0.51472                   1
          125.610773             0.51475                   1
          129.588905             0.51538                   1
          135.579011             0.51474                   1
          151.553051             0.51479                   1
          153.534234             0.51470                   1
          157.512130             0.51526                   1
          167.481198             0.52947                   1
          187.432391             0.51475                   1
          239.270171             0.51483                   1
          251.219607             0.51538                   1
          275.165002             0.51482                   1
          277.146272             0.51473                   1
          305.085278             0.51485                   1
          313.056828             0.51473                   1
          323.024974             0.51481                   1
          336.971117             0.51478                   1
