            8.032977             0.51681                   1
           15.998958             0.40847                   1
           17.982117             0.45724                   1
           31.930912             0.45999                   1
           39.930293             0.43633                   1
           43.913235             0.51673                   1
           47.879560             0.43083                   1
           69.811012             0.52266                   1
           77.793664             0.46773                   1
           85.726312             0.65485                   1
          103.674775             0.65780                   1
          107.657766             0.53867                   1
          115.607082             0.51715                   1
          121.606566             0.54943                   1
          157.936790             0.61001                   1
          167.902604             0.55590                   1
          255.695044             0.57661                   1
          257.678223             0.63338                   1
          275.610038             0.52499                   1
          289.558823             0.49573                   1
          305.474133             0.51674                   1
          321.406103             0.63943                   1
          333.371727             0.59343                   1
