            8.032977             0.51660                   1
           15.998958             0.51662                   1
           17.982117             0.51662                   1
           31.930912             0.51662                   1
           39.930293             0.51656                   1
           43.913235             0.51662                   1
           47.879560             0.51662                   1
           69.811012             0.51662                   1
           77.793664             0.51662                   1
           85.726312             0.51662                   1
          103.674775             0.51661                   1
          107.657766             0.51661                   1
          115.607082             0.51662                   1
          121.606566             0.51662                   1
          157.936790             0.51663                   1
          167.902604             0.51661                   1
          255.695044             0.51664                   1
          257.678223             0.51660                   1
          275.610038             0.51660                   1
          289.558823             0.51662                   1
          305.474133             0.51662                   1
          321.406103             0.51661                   1
          333.371727             0.51663                   1
