           14.015795             0.51662                   1
           23.964946             0.51661                   1
           29.947760             0.51663                   1
           61.845037             0.51661                   1
           79.776826             0.51661                   1
           89.709311             0.51660                   1
          111.640759             0.51661                   1
          113.623923             0.51661                   1
          123.589726             0.51662                   1
          145.971150             0.51661                   1
          179.884906             0.51662                   1
          185.867737             0.51662                   1
          189.867378             0.51662                   1
          191.850537             0.51663                   1
          195.833533             0.51662                   1
          219.798143             0.51662                   1
          225.780962             0.51662                   1
          241.729596             0.51662                   1
          251.712074             0.51662                   1
          259.661380             0.51663                   1
          273.626859             0.51661                   1
          279.593023             0.51661                   1
          295.508377             0.51655                   1
          313.440117             0.51661                   1
