           45.896395             0.51663                   1
           57.862040             0.51662                   1
           67.827851             0.51662                   1
           81.759985             0.51662                   1
           83.743163             0.51660                   1
           99.691782             0.51663                   1
          130.005855             0.51661                   1
          137.988502             0.51661                   1
          149.954144             0.51661                   1
          207.815838             0.51662                   1
          235.746771             0.51662                   1
          267.644046             0.51661                   1
          281.592839             0.51665                   1
          299.491303             0.51662                   1
          309.457125             0.51662                   1
          315.423272             0.51662                   1
          323.389259             0.51662                   1
          339.354559             0.51662                   1
          341.337707             0.51663                   1
