           45.896395             0.56607                   1
           57.862040             0.39203                   1
           67.827851             0.45788                   1
           81.759985             0.54128                   1
           83.743163             0.65403                   1
           99.691782             0.55291                   1
          130.005855             0.53390                   1
          137.988502             0.59100                   1
          149.954144             1.04890                   1
          207.815838             0.68940                   1
          235.746771             0.52556                   1
          267.644046             0.57124                   1
          281.592839             0.64599                   1
          299.491303             0.49895                   1
          309.457125             0.46881                   1
          315.423272             0.65444                   1
          323.389259             0.83219                   1
          339.354559             0.74637                   1
          341.337707             0.66717                   1
