           15.995945             0.51662                   1
           73.807498             0.51661                   1
           79.790301             0.51661                   1
           91.755902             0.51661                   1
           93.739035             0.51664                   1
          103.704836             0.51662                   1
          121.653258             0.51660                   1
          123.653074             0.49996                   1
          155.550244             0.51662                   1
          163.532875             0.51661                   1
          167.515854             0.51661                   1
          191.413726             0.51661                   1
          193.396881             0.51663                   1
          195.380038             0.51662                   1
          197.363200             0.51661                   1
          215.344945             0.51661                   1
          225.294057             0.51662                   1
          249.208604             0.51662                   1
          257.174567             0.51661                   1
          263.140703             0.51662                   1
          287.071907             0.51661                   1
          289.055062             0.51662                   1
          330.934673             0.51664                   1
          334.901006             0.51661                   1
