            8.029983             0.65766                   1
           17.979126             0.62023                   1
           31.944558             0.71826                   1
           53.909250             0.89685                   1
           63.858378             0.69135                   1
           65.841527             0.54016                   1
           67.824692             0.61289                   1
          127.636055             0.72742                   1
          139.601664             1.01738                   1
          185.447598             0.64186                   1
          209.345479             1.23914                   1
          223.310904             0.83324                   1
          247.225470             0.89381                   1
          261.157547             0.77724                   1
          267.123685             0.92290                   1
          275.089644             0.68466                   1
          301.037343             0.74405                   1
          305.020304             0.77698                   1
          308.986639             0.77848                   1
          318.969070             0.56374                   1
          322.952073             1.42052                   1
          340.883810             0.68822                   1
