            8.029983             0.51663                   1
           17.979126             0.51659                   1
           31.944558             0.51659                   1
           53.909250             0.51664                   1
           63.858378             0.51662                   1
           65.841527             0.51663                   1
           67.824692             0.51662                   1
          127.636055             0.51662                   1
          139.601664             0.51661                   1
          185.447598             0.51660                   1
          209.345479             0.51660                   1
          223.310904             0.51662                   1
          247.225470             0.51660                   1
          261.157547             0.51661                   1
          267.123685             0.51662                   1
          275.089644             0.51661                   1
          301.037343             0.51661                   1
          305.020304             0.51664                   1
          308.986639             0.51661                   1
          318.969070             0.51665                   1
          322.952073             0.51661                   1
          340.883810             0.51662                   1
