           14.012798             1.01871                   1
           23.961911             0.72521                   1
           41.943657             0.97484                   1
           45.926635             0.94368                   1
           55.892419             0.45763                   1
           85.773103             1.50386                   1
          101.721680             0.87472                   1
          105.687990             1.00420                   1
          109.670976             1.03712                   1
          131.619037             0.78430                   1
          147.584290             0.87450                   1
          153.567092             1.06749                   1
          175.498481             0.95133                   1
          181.464605             1.11300                   1
          187.430743             0.65864                   1
          229.277043             0.74688                   1
          231.260196             0.53162                   1
          237.243001             0.76467                   1
          255.191412             0.87160                   1
          271.106667             0.72381                   1
          299.054174             0.69531                   1
          307.003483             0.82570                   1
          332.917849             0.78241                   1
