           14.012798             0.51661                   1
           23.961911             0.51661                   1
           41.943657             0.51661                   1
           45.926635             0.51661                   1
           55.892419             0.51662                   1
           85.773103             0.51662                   1
          101.721680             0.51660                   1
          105.687990             0.51662                   1
          109.670976             0.51661                   1
          131.619037             0.51662                   1
          147.584290             0.51661                   1
          153.567092             0.51661                   1
          175.498481             0.51661                   1
          181.464605             0.51662                   1
          187.430743             0.51663                   1
          229.277043             0.51661                   1
          231.260196             0.51662                   1
          237.243001             0.51659                   1
          255.191412             0.51661                   1
          271.106667             0.51660                   1
          299.054174             0.49996                   1
          307.003483             0.51661                   1
          332.917849             0.51661                   1
