           15.995945             0.72342                   1
           73.807498             0.65389                   1
           79.790301             0.81488                   1
           91.755902             0.81687                   1
           93.739035             0.68959                   1
          103.704836             1.26745                   1
          121.653258             0.86245                   1
          123.653074             0.64655                   1
          155.550244             0.67620                   1
          163.532875             1.01334                   1
          167.515854             0.75021                   1
          191.413726             0.76355                   1
          193.396881             0.73228                   1
          195.380038             0.66104                   1
          197.363200             0.64586                   1
          215.344945             1.36744                   1
          225.294057             0.73002                   1
          249.208604             0.68658                   1
          257.174567             0.71237                   1
          263.140703             0.91401                   1
          287.071907             0.99800                   1
          289.055062             0.90274                   1
          330.934673             0.72569                   1
          334.901006             0.78320                   1
