            8.028528             0.69115                   1
           14.003068             0.63643                   1
           21.990066             0.72119                   1
           35.936146             0.74268                   1
           37.932908             0.59386                   1
           97.804365             0.79253                   1
          107.756950             0.68764                   1
          111.734908             0.74953                   1
          117.709531             0.82275                   1
          131.671269             0.87658                   1
          159.563438             0.71954                   1
          163.541341             0.88557                   1
          167.519228             0.97150                   1
          179.484194             0.76615                   1
          205.395270             0.77428                   1
          209.373068             0.82837                   1
          257.220014             0.93991                   1
          265.191455             1.05624                   1
          279.153216             0.76612                   1
          303.067492             0.95505                   1
          313.019996             1.12221                   1
          336.949834             0.78373                   1
