           10.025177             0.62246                   1
           23.971192             0.76400                   1
           45.919906             0.79060                   1
           55.903734             0.69446                   1
           57.884857             0.71328                   1
           65.871904             0.79798                   1
          105.775815             0.62086                   1
          109.738074             0.59447                   1
          121.703063             1.04509                   1
          129.690089             0.79379                   1
          147.614410             0.62094                   1
          153.604373             0.59879                   1
          155.585481             0.60963                   1
          177.503022             0.65938                   1
          201.401689             0.73600                   1
          217.328944             0.87224                   1
          241.277235             0.58727                   1
          273.178515             0.90093                   1
          293.114863             0.71603                   1
          297.092760             0.59402                   1
          307.060941             0.97757                   1
          322.988127             0.83379                   1
          326.981674             0.84817                   1
          334.968701             1.49282                   1
