           10.025177             0.51471                   1
           23.971192             0.51483                   1
           45.919906             0.51484                   1
           55.903734             0.51480                   1
           57.884857             0.51483                   1
           65.871904             0.51479                   1
          105.775815             0.51474                   1
          109.738074             0.51481                   1
          121.703063             0.51483                   1
          129.690089             0.51479                   1
          147.614410             0.51533                   1
          153.604373             0.51475                   1
          155.585481             0.51478                   1
          177.503022             0.51486                   1
          201.401689             0.51473                   1
          217.328944             0.51477                   1
          241.277235             0.51474                   1
          273.178515             0.51483                   1
          293.114863             0.51476                   1
          297.092760             0.51478                   1
          307.060941             0.51478                   1
          322.988127             0.51493                   1
          326.981674             0.51479                   1
          334.968701             0.51487                   1
