            8.028528             0.51494                   1
           14.003068             0.51476                   1
           21.990066             0.51477                   1
           35.936146             0.51537                   1
           37.932908             0.51478                   1
           97.804365             0.51479                   1
          107.756950             0.51478                   1
          111.734908             0.51476                   1
          117.709531             0.51474                   1
          131.671269             0.51479                   1
          159.563438             0.51480                   1
          163.541341             0.51476                   1
          167.519228             0.51477                   1
          179.484194             0.51476                   1
          205.395270             0.51473                   1
          209.373068             0.51479                   1
          257.220014             0.51480                   1
          265.191455             0.51482                   1
          279.153216             0.51476                   1
          303.067492             0.51466                   1
          313.019996             0.51479                   1
          336.949834             0.51488                   1
