           27.964774             0.51475                   1
           83.842686             0.51480                   1
           93.826432             0.51482                   1
          103.794717             0.51484                   1
          137.645868             0.51477                   1
          141.639449             0.51471                   1
          157.582275             0.51481                   1
          165.522519             0.51545                   1
          181.465330             0.51478                   1
          191.417879             0.51481                   1
          211.354304             0.51534                   1
          215.347762             0.51483                   1
          229.312267             0.51477                   1
          235.302511             0.51480                   1
          239.280415             0.51479                   1
          247.251885             0.51477                   1
          255.238906             0.51475                   1
          261.213572             0.51480                   1
          277.156381             0.51480                   1
          281.134308             0.51480                   1
          295.095974             0.51478                   1
          311.038865             0.51478                   1
          317.013539             0.51480                   1
