           10.022155             0.51474                   1
           23.968197             0.51478                   1
           45.916957             0.51475                   1
           55.900725             0.51477                   1
           57.881740             0.51483                   1
           65.868832             0.51487                   1
          105.772777             0.51476                   1
          109.735120             0.51522                   1
          121.700034             0.51480                   1
          129.687069             0.51484                   1
          147.626648             0.51478                   1
          153.601333             0.51475                   1
          155.582475             0.51516                   1
          177.500053             0.51475                   1
          201.399222             0.51526                   1
          217.325912             0.51475                   1
          241.271381             0.51480                   1
          273.172634             0.51482                   1
          293.109312             0.51537                   1
          297.086947             0.51481                   1
          307.055117             0.51480                   1
          322.997978             0.51474                   1
          326.975865             0.51479                   1
          334.962926             0.51468                   1
