           27.961707             0.51480                   1
           83.839694             0.51476                   1
           93.823513             0.51470                   1
          103.791629             0.51483                   1
          137.643497             0.52975                   1
          141.636429             0.51469                   1
          157.579224             0.51478                   1
          165.535062             0.51478                   1
          181.462357             0.51471                   1
          187.452576             0.51481                   1
          191.414832             0.51490                   1
          211.366833             0.51481                   1
          215.344762             0.51482                   1
          229.322057             0.51478                   1
          235.296749             0.51471                   1
          239.290230             0.51476                   1
          247.246664             0.52977                   1
          255.233045             0.51477                   1
          261.207742             0.51477                   1
          277.166236             0.51471                   1
          281.128487             0.51481                   1
          295.105801             0.51479                   1
          311.032998             0.51535                   1
          317.007747             0.51477                   1
