            8.025585             0.51479                   1
           14.000020             0.51480                   1
           21.987052             0.51477                   1
           35.933514             0.51530                   1
           37.929897             0.51479                   1
           71.843519             0.51477                   1
           97.801397             0.51476                   1
          107.753907             0.51482                   1
          111.731858             0.51480                   1
          117.706505             0.51479                   1
          131.668174             0.51482                   1
          159.560418             0.51476                   1
          163.538274             0.51480                   1
          167.516245             0.51469                   1
          179.481125             0.51478                   1
          189.433709             0.51480                   1
          205.392195             0.51479                   1
          209.370071             0.51480                   1
          257.229800             0.51480                   1
          265.185706             0.51522                   1
          279.147364             0.51476                   1
          303.077207             0.51477                   1
          313.029811             0.51472                   1
          336.944033             0.51478                   1
