           14.015490             0.51490                   1
           23.968175             0.51475                   1
           29.958364             0.51478                   1
           61.844011             0.51475                   1
           79.783556             0.51481                   1
           89.720455             0.51477                   1
          111.669134             0.51471                   1
          113.650266             0.51483                   1
          123.602814             0.51479                   1
          145.535897             0.51472                   1
          179.465028             0.51480                   1
          185.440549             0.52950                   1
          189.433157             0.51478                   1
          191.414321             0.51476                   1
          195.407773             0.51490                   1
          219.368757             0.51484                   1
          225.359059             0.51475                   1
          241.302126             0.51537                   1
          251.301239             0.51473                   1
          259.241391             0.51479                   1
          273.218686             0.51469                   1
          279.193287             0.51479                   1
          295.089292             0.51477                   1
          313.028835             0.51474                   1
