            8.025518             0.51492                   1
           15.996715             0.51478                   1
           17.993489             0.51483                   1
           31.939567             0.51474                   1
           39.926502             0.51488                   1
           43.904431             0.51480                   1
           47.882323             0.51481                   1
           69.815405             0.51474                   1
           77.802404             0.51475                   1
           85.742553             0.51479                   1
          103.697721             0.51479                   1
          107.675574             0.51485                   1
          115.631399             0.51480                   1
          121.621693             0.51471                   1
          157.516372             0.51479                   1
          167.484483             0.51479                   1
          233.346113             0.51475                   1
          255.279033             0.51481                   1
          257.260262             0.51473                   1
          275.199804             0.51475                   1
          289.145834             0.51471                   1
          305.057394             0.51482                   1
          321.000227             0.51472                   1
          332.965106             0.51482                   1
