           45.901194             0.51478                   1
           57.866135             0.51473                   1
           67.834224             0.51481                   1
           81.764639             0.51478                   1
           83.761457             0.51474                   1
           99.704192             0.51478                   1
          125.583966             0.51480                   1
          129.577431             0.51483                   1
          137.548869             0.51475                   1
          149.529354             0.51479                   1
          165.487718             0.51478                   1
          207.388345             0.51477                   1
          235.327246             0.51477                   1
          267.228432             0.51471                   1
          281.174415             0.51486                   1
          285.152314             0.51482                   1
          291.126972             0.51481                   1
          293.108143             0.51470                   1
          299.082776             0.51475                   1
          309.050918             0.51480                   1
          315.009961             0.51524                   1
          322.981349             0.51479                   1
          338.955384             0.51476                   1
          340.936517             0.51475                   1
