           16.013670             0.51476                   1
           65.854932             0.51480                   1
           71.814018             0.51476                   1
           75.791973             0.51478                   1
          137.599032             0.52950                   1
          145.585229             0.51476                   1
          153.556717             0.51474                   1
          163.524902             0.51478                   1
          173.477563             0.51481                   1
          195.410824             0.51479                   1
          207.360194             0.51471                   1
          217.312820             0.51484                   1
          229.278425             0.51523                   1
          239.246021             0.51493                   1
          249.229982             0.51471                   1
          271.132023             0.51472                   1
          279.119039             0.51482                   1
          287.090566             0.51475                   1
          295.062035             0.51477                   1
          314.998487             0.51475                   1
