            8.026820             0.51490                   1
           29.991099             0.51478                   1
           45.934759             0.52970                   1
           49.911970             0.51482                   1
           61.876972             0.51479                   1
           73.810857             0.51467                   1
          103.715467             0.51491                   1
          107.693433             0.51481                   1
          119.658456             0.51477                   1
          135.617017             0.51473                   1
          155.537953             0.51526                   1
          171.496433             0.51476                   1
          177.471148             0.51473                   1
          189.436133             0.51470                   1
          225.299932             0.51483                   1
          233.255752             0.51478                   1
          251.211114             0.51480                   1
          267.154105             0.51478                   1
          293.065238             0.51481                   1
          307.027012             0.51484                   1
          320.973202             0.51539                   1
          324.966723             0.51476                   1
          336.947273             0.51483                   1
