           20.013024             0.51478                   1
           31.978057             0.51478                   1
           35.955949             0.51527                   1
           47.936570             0.51480                   1
           59.901630             0.51473                   1
           63.864386             0.51527                   1
           69.838572             0.51482                   1
          101.740144             0.51470                   1
          123.642161             0.51474                   1
          167.524220             0.51475                   1
          183.452338             0.52964                   1
          191.422975             0.51488                   1
          197.397774             0.51478                   1
          203.388054             0.51479                   1
          209.347163             0.51475                   1
          215.337525             0.51468                   1
          231.280368             0.51482                   1
          255.194822             0.51473                   1
          263.181861             0.51479                   1
          265.163038             0.51477                   1
          283.102734             0.51477                   1
          301.042435             0.51476                   1
          313.023018             0.51479                   1
