            8.032616             0.51478                   1
           29.996895             0.51477                   1
           45.940669             0.52960                   1
           49.917716             0.51481                   1
           61.882718             0.51477                   1
           73.816546             0.51482                   1
          103.721286             0.51480                   1
          107.699173             0.51477                   1
          115.686267             0.51481                   1
          119.664219             0.51485                   1
          135.622706             0.51476                   1
          155.543960             0.51532                   1
          171.502156             0.51480                   1
          177.476856             0.51478                   1
          189.441851             0.51480                   1
          225.305696             0.51479                   1
          233.261529             0.51481                   1
          251.216849             0.51470                   1
          267.159800             0.51478                   1
          293.070960             0.51513                   1
          307.032774             0.51478                   1
          320.979203             0.51527                   1
          324.972535             0.51475                   1
          336.953093             0.51478                   1
