           23.985089             0.51476                   1
           33.953400             0.51478                   1
           41.940500             0.51478                   1
           47.915229             0.51484                   1
           93.778779             0.51479                   1
          115.712092             0.51486                   1
          125.664855             0.51481                   1
          149.610675             0.51472                   1
          159.578918             0.51482                   1
          163.556848             0.51482                   1
          173.509604             0.51473                   1
          193.430860             0.51523                   1
          199.405333             0.51472                   1
          213.382739             0.51490                   1
          215.363919             0.51485                   1
          221.339316             0.51525                   1
          241.290823             0.51486                   1
          285.141995             0.51482                   1
          293.098007             0.51472                   1
          313.050147             0.51478                   1
          315.047007             0.51471                   1
          321.021679             0.51478                   1
          326.980803             0.51479                   1
