           18.010334             0.51477                   1
           27.978619             0.51480                   1
           53.889951             0.51483                   1
           55.886762             0.51480                   1
           73.827688             0.52933                   1
           81.813687             0.51481                   1
          103.762690             0.51475                   1
          109.737402             0.51475                   1
          121.686917             0.51480                   1
          143.635878             0.51473                   1
          147.614029             0.51529                   1
          179.484325             0.51480                   1
          229.325814             0.51478                   1
          235.300629             0.51472                   1
          243.272110             0.51476                   1
          247.234447             0.51474                   1
          251.228013             0.51476                   1
          277.170545             0.51480                   1
          287.138846             0.51475                   1
          297.091565             0.51478                   1
          309.072257             0.51476                   1
          323.003628             0.52966                   1
          338.961498             0.51482                   1
          340.942686             0.51514                   1
