           10.023208             0.51480                   1
           43.921655             0.51478                   1
           65.870641             0.51483                   1
           67.851844             0.51477                   1
           85.807242             0.51477                   1
           91.781968             0.51521                   1
          113.730951             0.51480                   1
          117.693315             0.51474                   1
          131.655205             0.51479                   1
          157.597725             0.51481                   1
          165.538036             0.51497                   1
          167.534868             0.51472                   1
          177.503173             0.51471                   1
          181.465484             0.51482                   1
          189.452586             0.51484                   1
          197.424162             0.51476                   1
          203.398866             0.51478                   1
          231.322591             0.51480                   1
          245.253176             0.51488                   1
          259.215050             0.51488                   1
          261.196285             0.51470                   1
          271.180207             0.51480                   1
          289.120018             0.51480                   1
          324.999666             0.51481                   1
