           19.977910             0.51471                   1
           23.955853             0.51484                   1
           39.914523             0.51478                   1
           47.886031             0.51479                   1
           89.740410             0.51475                   1
           91.737154             0.51487                   1
           95.699552             0.51478                   1
          101.689906             0.51478                   1
          125.557626             0.51477                   1
          157.490573             0.51475                   1
          177.427124             0.51475                   1
          189.376578             0.51487                   1
          197.348130             0.51479                   1
          199.329308             0.51481                   1
          203.308037             0.52960                   1
          219.265949             0.51478                   1
          243.211693             0.51476                   1
          259.154684             0.51488                   1
          297.046699             0.51507                   1
          307.000177             0.52966                   1
          312.989748             0.51481                   1
          328.964008             0.51473                   1
