            8.044245             0.51459                   1
           12.006396             0.51470                   1
           31.942991             0.51478                   1
           45.904859             0.51476                   1
           57.869905             0.51481                   1
           69.850623             0.51474                   1
           87.759241             0.51474                   1
          105.667861             0.51478                   1
          107.649002             0.51482                   1
          111.642586             0.51479                   1
          113.623782             0.51479                   1
          119.598509             0.51481                   1
          123.576520             0.51473                   1
          139.519492             0.51482                   1
          149.503414             0.51478                   1
          159.471720             0.51477                   1
          183.386283             0.51475                   1
          205.304048             0.51481                   1
          213.291190             0.51475                   1
          227.253040             0.51476                   1
          255.176755             0.51480                   1
          293.068777             0.51476                   1
          299.043586             0.51470                   1
          303.021492             0.51479                   1
