           10.025204             0.51478                   1
           13.987544             0.51478                   1
           37.933320             0.51478                   1
           73.828560             0.51480                   1
           79.803307             0.51472                   1
           83.796862             0.51483                   1
           93.718363             0.51477                   1
          115.604962             0.51475                   1
          127.538812             0.51539                   1
          137.523491             0.52960                   1
          167.458905             0.51474                   1
          169.440022             0.51480                   1
          181.405078             0.51470                   1
          193.354530             0.51508                   1
          233.243397             0.51477                   1
          241.215673             0.52960                   1
          249.186382             0.51478                   1
          261.151485             0.51471                   1
          267.126226             0.51479                   1
          277.110132             0.51477                   1
          289.090797             0.51485                   1
          316.983322             0.51476                   1
          340.944669             0.51480                   1
