           45.900773             0.51479                   1
           57.865741             0.51480                   1
           67.833973             0.51483                   1
           81.764494             0.51486                   1
           83.761359             0.51473                   1
           99.704261             0.51478                   1
          129.562600             0.51540                   1
          137.549257             0.51478                   1
          149.529883             0.51476                   1
          165.488359             0.51485                   1
          207.389363             0.51482                   1
          235.328485             0.51479                   1
          267.229925             0.51476                   1
          291.128773             0.51477                   1
          293.109929             0.51484                   1
          299.084732             0.51466                   1
          309.052920             0.51472                   1
          315.011942             0.51481                   1
          322.983459             0.51479                   1
          338.957580             0.51474                   1
          340.938744             0.51479                   1
