            8.024717             0.51500                   1
           15.996019             0.51483                   1
           17.978107             0.52944                   1
           31.938932             0.51485                   1
           39.926064             0.51478                   1
           43.903977             0.51474                   1
           47.881923             0.51480                   1
           69.815155             0.51485                   1
           77.802231             0.51481                   1
           85.742462             0.51479                   1
          103.697839             0.51474                   1
          107.675762             0.51478                   1
          115.631638             0.51469                   1
          121.621908             0.51476                   1
          157.501183             0.51530                   1
          167.470297             0.52969                   1
          233.331789             0.51543                   1
          255.280525             0.51479                   1
          257.261699             0.51482                   1
          275.201464             0.51479                   1
          289.132010             0.51512                   1
          305.059357             0.51475                   1
          321.002287             0.51481                   1
          332.967296             0.51480                   1
