           14.014842             0.51483                   1
           23.967513             0.51474                   1
           29.957829             0.51468                   1
           61.843755             0.51473                   1
           79.783362             0.51478                   1
           89.720452             0.51478                   1
          111.654924             0.52909                   1
          113.650554             0.51470                   1
          123.603082             0.51483                   1
          145.536358             0.51476                   1
          179.465802             0.51475                   1
          185.440506             0.51467                   1
          189.433997             0.51485                   1
          191.415205             0.51474                   1
          195.393334             0.51538                   1
          241.303179             0.51472                   1
          251.286987             0.51473                   1
          259.242887             0.51474                   1
          273.220200             0.51492                   1
          279.179380             0.51479                   1
          295.091113             0.51484                   1
          313.030837             0.51477                   1
