           51.866279             0.51674                   1
           67.815067             0.50331                   1
           75.797762             0.52040                   1
           83.763831             0.65817                   1
           87.830248             0.55968                   1
           91.796553             0.55328                   1
          105.745486             0.50802                   1
          107.728657             0.43680                   1
          173.540258             0.61567                   1
          179.506463             0.60932                   1
          199.471587             0.45974                   1
          207.437648             0.54951                   1
          213.420520             0.64645                   1
          225.386244             0.58450                   1
          229.719297             0.51688                   1
          237.701983             0.49244                   1
          245.651370             0.57488                   1
          255.617274             0.44872                   1
          301.830368             0.51701                   1
          325.728526             0.62385                   1
          327.711712             0.56062                   1
          341.643972             0.69203                   1
