            8.019682             0.94009                   1
           10.002858             0.37284                   1
           41.900400             0.45060                   1
           47.899935             0.38693                   1
           57.849169             0.43744                   1
           85.747016             0.45097                   1
           93.779731             0.37803                   1
           95.762928             0.53082                   1
          117.694557             0.87866                   1
          139.626198             0.51450                   1
          165.574206             0.52591                   1
          177.523283             0.51682                   1
          203.454621             0.61259                   1
          227.369434             0.48925                   1
          241.668342             0.42197                   1
          267.599671             0.55405                   1
          273.582554             0.55502                   1
          285.864939             0.58434                   1
          295.847508             0.52955                   1
          309.796429             0.49233                   1
          319.762316             0.41420                   1
          331.694740             0.57747                   1
          339.660794             0.61925                   1
