           51.866279             0.51663                   1
           67.815067             0.51662                   1
           75.797762             0.51664                   1
           83.763831             0.51663                   1
           87.830248             0.51657                   1
           91.796553             0.51662                   1
          105.745486             0.51661                   1
          107.728657             0.51663                   1
          173.540258             0.51662                   1
          179.506463             0.51662                   1
          199.471587             0.51663                   1
          207.437648             0.51664                   1
          213.420520             0.51662                   1
          225.386244             0.51664                   1
          229.719297             0.51659                   1
          237.701983             0.51663                   1
          245.651370             0.51662                   1
          255.617274             0.51662                   1
          301.830368             0.51663                   1
          325.728526             0.51663                   1
          327.711712             0.51662                   1
          341.643972             0.51662                   1
