            8.019682             0.51662                   1
           10.002858             0.51662                   1
           41.900400             0.51662                   1
           47.899935             0.51662                   1
           57.849169             0.51662                   1
           85.747016             0.51663                   1
           93.779731             0.51662                   1
           95.762928             0.51661                   1
          117.694557             0.51663                   1
          139.626198             0.51661                   1
          165.574206             0.51661                   1
          177.523283             0.51662                   1
          203.454621             0.51661                   1
          227.369434             0.51663                   1
          241.668342             0.51662                   1
          267.599671             0.51663                   1
          273.582554             0.51662                   1
          285.864939             0.51661                   1
          295.847508             0.51662                   1
          309.796429             0.51662                   1
          319.762316             0.51663                   1
          331.694740             0.51662                   1
          339.660794             0.51662                   1
