           25.951619             0.44775                   1
           29.934646             0.54461                   1
           31.917847             0.49739                   1
           49.883115             0.41168                   1
           59.832318             0.52627                   1
           81.780660             0.55339                   1
           89.813364             0.46451                   1
          111.711686             0.46969                   1
          125.677269             0.54374                   1
          129.660334             0.59260                   1
          135.643165             0.49764                   1
          151.625279             0.71515                   1
          153.608458             0.58790                   1
          157.591468             0.49279                   1
          167.557384             0.50265                   1
          187.489185             0.60244                   1
          239.685163             0.47721                   1
          251.634241             0.59977                   1
          275.565730             0.50779                   1
          277.865613             0.46388                   1
          305.813400             0.49143                   1
          313.779455             0.52521                   1
          323.745352             0.46305                   1
          337.677613             0.94648                   1
