           20.011429             0.51473                   1
           31.976248             0.51478                   1
           35.954164             0.51493                   1
           47.934609             0.51488                   1
           59.899508             0.51485                   1
           63.861823             0.51492                   1
           69.836505             0.51472                   1
           89.757164             0.51477                   1
          101.722867             0.52962                   1
          123.639558             0.51480                   1
          167.521226             0.51486                   1
          183.448389             0.51479                   1
          191.419834             0.51481                   1
          197.394472             0.51477                   1
          203.369100             0.51539                   1
          209.343767             0.51479                   1
          215.334029             0.51482                   1
          231.261408             0.51551                   1
          255.191041             0.51478                   1
          263.178022             0.51476                   1
          265.159205             0.51474                   1
          283.098659             0.51482                   1
          301.038268             0.51477                   1
          313.003117             0.51481                   1
