           16.017796             0.51478                   1
           65.858663             0.51471                   1
           71.817630             0.51482                   1
           75.795530             0.51479                   1
           87.776093             0.51476                   1
           97.744170             0.51483                   1
          117.664919             0.51470                   1
          137.601152             0.51479                   1
          145.588230             0.51469                   1
          147.569295             0.51516                   1
          153.559586             0.51480                   1
          163.527731             0.51471                   1
          173.480294             0.51483                   1
          195.413312             0.51482                   1
          207.362614             0.51479                   1
          217.315166             0.51479                   1
          229.280063             0.51478                   1
          239.232621             0.51478                   1
          249.216423             0.51468                   1
          271.133847             0.51472                   1
          279.120869             0.51474                   1
          287.076910             0.51545                   1
          295.047982             0.51481                   1
          314.984652             0.51542                   1
