            8.031008             0.51489                   1
           29.995114             0.51480                   1
           45.938277             0.51541                   1
           49.915807             0.51478                   1
           61.880698             0.51477                   1
           73.799765             0.52942                   1
          103.718854             0.51479                   1
          107.696767             0.51476                   1
          115.683741             0.51478                   1
          119.646039             0.51531                   1
          135.620046             0.51480                   1
          155.540714             0.51479                   1
          171.499077             0.51486                   1
          177.473818             0.51475                   1
          189.438723             0.51475                   1
          225.302231             0.51475                   1
          233.257972             0.51482                   1
          251.213152             0.51479                   1
          267.140287             0.51477                   1
          293.066891             0.51471                   1
          307.028502             0.51481                   1
          320.974579             0.51479                   1
          324.968040             0.51479                   1
