           19.979156             0.51662                   1
           23.962226             0.51659                   1
           39.911008             0.51663                   1
           47.877084             0.51663                   1
           71.825311             0.51664                   1
           89.723973             0.51664                   1
           91.707158             0.51663                   1
           95.673532             0.51665                   1
          101.656425             0.51664                   1
          125.537995             0.51662                   1
          157.452300             0.51662                   1
          177.384154             0.51662                   1
          197.316004             0.49996                   1
          199.299191             0.51662                   1
          203.282233             0.51662                   1
          219.231032             0.51664                   1
          243.162607             0.51662                   1
          259.111424             0.51662                   1
          281.043123             0.51664                   1
          312.940766             0.51662                   1
