            8.030036             0.51662                   1
           11.996423             0.51663                   1
           31.944946             0.51662                   1
          159.435480             0.51663                   1
          189.333255             0.51663                   1
          297.008615             0.51662                   1
          306.957876             0.51662                   1
          328.906250             0.51662                   1
           10.013229             0.51662                   1
           13.996269             0.51662                   1
          241.179424             0.51662                   1
          249.145501             0.51662                   1
          340.888693             0.51662                   1
