           45.893902             0.84908                   1
           57.859683             0.69906                   1
           69.842124             0.60437                   1
           87.740796             0.92932                   1
          105.656151             0.51685                   1
          107.639317             0.59843                   1
          111.622358             0.75929                   1
          113.605546             0.55204                   1
          119.571762             0.74571                   1
          123.554808             0.70656                   1
          149.469547             1.09529                   1
          183.350366             0.86985                   1
          205.265414             0.88230                   1
          213.248150             0.85137                   1
          227.213792             0.65345                   1
          255.128390             0.81829                   1
          293.025576             0.88032                   1
          302.974838             0.77085                   1
