           45.893902             0.51662                   1
           57.859683             0.51663                   1
           69.842124             0.51662                   1
           87.740796             0.51662                   1
          105.656151             0.51661                   1
          107.639317             0.51665                   1
          111.622358             0.51662                   1
          113.605546             0.51662                   1
          119.571762             0.51663                   1
          123.554808             0.51662                   1
          149.469547             0.51663                   1
          183.350366             0.51663                   1
          205.265414             0.51663                   1
          213.248150             0.51663                   1
          227.213792             0.51663                   1
          255.128390             0.51663                   1
          293.025576             0.51662                   1
          302.974838             0.51663                   1
