           37.927807             0.75133                   1
           73.808495             0.50192                   1
           79.791388             0.95890                   1
           83.774425             1.05576                   1
           85.757601             0.76057                   1
           93.690358             0.65965                   1
          115.588733             0.54485                   1
          127.521180             0.72411                   1
          137.503776             0.63730                   1
          167.418225             0.77028                   1
          169.401406             0.72304                   1
          181.367190             0.70098                   1
          193.316304             0.76766                   1
          233.196684             0.71046                   1
          261.094600             0.72398                   1
          267.077503             0.64493                   1
          277.060099             0.84614                   1
          289.025875             0.65610                   1
          316.923805             0.79762                   1
