           19.979156             1.23634                   1
           23.962226             0.66920                   1
           39.911008             1.00011                   1
           47.877084             0.76989                   1
           71.825311             0.70114                   1
           89.723973             0.97811                   1
           91.707158             0.72290                   1
           95.673532             0.45244                   1
          101.656425             0.51738                   1
          125.537995             0.54737                   1
          157.452300             1.42435                   1
          177.384154             1.41209                   1
          197.316004             0.76784                   1
          199.299191             0.63267                   1
          203.282233             1.36948                   1
          219.231032             1.09238                   1
          243.162607             0.15236                   1
          259.111424             0.68321                   1
          281.043123             0.91903                   1
          312.940766             1.48471                   1
