           37.927807             0.51664                   1
           73.808495             0.51663                   1
           79.791388             0.51662                   1
           83.774425             0.51662                   1
           85.757601             0.51663                   1
           93.690358             0.51661                   1
          115.588733             0.51664                   1
          127.521180             0.51664                   1
          137.503776             0.51662                   1
          167.418225             0.51662                   1
          169.401406             0.51663                   1
          181.367190             0.51663                   1
          193.316304             0.51662                   1
          233.196684             0.51662                   1
          261.094600             0.51663                   1
          267.077503             0.51663                   1
          277.060099             0.51662                   1
          289.025875             0.51663                   1
          316.923805             0.51661                   1
