            8.034546             0.50495                   1
           16.004312             0.52006                   1
           17.989320             0.51999                   1
           31.954005             0.51999                   1
           39.948865             0.50495                   1
           43.928730             0.50997                   1
           47.903618             0.50501                   1
           69.848173             0.51998                   1
           85.782822             0.51006                   1
          103.747453             0.50492                   1
          107.732309             0.51996                   1
          115.687149             0.51992                   1
          121.682020             0.51996                   1
          157.591155             0.50502                   1
          167.560955             0.51487                   1
          233.449474             0.50498                   1
          255.393981             0.50995                   1
          257.378909             0.50995                   1
          275.328521             0.51997                   1
          289.278248             0.50993                   1
          305.217866             0.50497                   1
          321.167506             0.50499                   1
          333.132245             0.51995                   1
