           45.918693             0.50493                   1
           67.863224             0.51995                   1
           81.812996             0.50486                   1
           99.762513             0.50498                   1
          129.636779             0.52001                   1
          235.434443             0.51995                   1
          291.268201             0.50495                   1
          299.222872             0.52005                   1
          315.172574             0.52006                   1
          323.152458             0.50496                   1
          339.117054             0.51992                   1
          341.101955             0.52008                   1
