           45.918693             0.59184                   1
           67.863224             1.51345                   1
           81.812996             0.56843                   1
           99.762513             1.51345                   1
          129.636779             0.58313                   1
          235.434443             0.50228                   1
          291.268201             0.55480                   1
          299.222872             0.79980                   1
          315.172574             1.51345                   1
          323.152458             0.65351                   1
          339.117054             1.51345                   1
          341.101955             0.80747                   1
