           57.883406             0.97073                   1
           83.797865             0.91950                   1
          125.651849             0.62421                   1
          137.631643             0.96403                   1
          149.596297             0.66300                   1
          165.571045             0.90379                   1
          207.480038             0.90549                   1
          267.348694             0.72295                   1
          281.298379             0.82086                   1
          285.283242             0.72384                   1
          293.253117             0.64178                   1
          309.202766             0.77167                   1
