           23.984187             0.52704                   1
           29.969036             0.54998                   1
           61.878349             0.63972                   1
           79.827955             0.76952                   1
           89.767672             0.66148                   1
          111.727227             0.71728                   1
          113.702111             0.59031                   1
          123.666910             0.68920                   1
          145.611438             0.72799                   1
          185.535430             0.77076                   1
          189.530511             0.69556                   1
          191.505381             0.91264                   1
          195.500274             1.17362                   1
          219.469763             0.76339                   1
          225.454598             0.94636                   1
          241.419272             0.71718                   1
          251.409060             0.72708                   1
          259.368969             0.70291                   1
          273.343550             0.63995                   1
          279.313461             0.64586                   1
          295.238098             0.52011                   1
          313.187666             0.73864                   1
