           23.984187             0.50501                   1
           29.969036             0.50494                   1
           61.878349             0.50997                   1
           79.827955             0.50495                   1
           89.767672             0.51996                   1
          111.727227             0.50498                   1
          113.702111             0.51502                   1
          123.666910             0.52004                   1
          145.611438             0.52013                   1
          185.535430             0.52011                   1
          189.530511             0.50491                   1
          191.505381             0.51500                   1
          195.500274             0.50500                   1
          219.469763             0.51003                   1
          225.454598             0.52005                   1
          241.419272             0.51999                   1
          251.409060             0.51003                   1
          259.368969             0.51485                   1
          273.343550             0.50498                   1
          279.313461             0.51998                   1
          295.238098             0.51992                   1
          313.187666             0.50491                   1
