           57.883406             0.51989                   1
           83.797865             0.51996                   1
          125.651849             0.52002                   1
          137.631643             0.50493                   1
          149.596297             0.52004                   1
          165.571045             0.51990                   1
          207.480038             0.52002                   1
          267.348694             0.52002                   1
          281.298379             0.51994                   1
          285.283242             0.52003                   1
          293.253117             0.50497                   1
          309.202766             0.50498                   1
