            8.034546             0.66916                   1
           16.004312             0.71514                   1
           17.989320             0.45805                   1
           31.954005             0.58097                   1
           39.948865             0.64986                   1
           43.928730             0.58984                   1
           47.903618             0.60684                   1
           69.848173             0.64562                   1
           85.782822             0.63046                   1
          103.747453             0.96930                   1
          107.732309             0.93630                   1
          115.687149             1.13321                   1
          121.682020             0.81018                   1
          157.591155             0.76389                   1
          167.560955             0.76180                   1
          233.449474             1.07122                   1
          255.393981             0.57413                   1
          257.378909             0.76504                   1
          275.328521             0.74287                   1
          289.278248             0.61680                   1
          305.217866             0.88460                   1
          321.167506             1.08645                   1
          333.132245             0.77746                   1
