           10.019779             0.51473                   1
           23.965906             0.51482                   1
           45.900032             0.51490                   1
           55.884102             0.52937                   1
           57.879928             0.51474                   1
           65.866925             0.51479                   1
          109.733586             0.51479                   1
          121.683953             0.52945                   1
          129.670160             0.51472                   1
          147.609897             0.51472                   1
          153.600248             0.51480                   1
          155.581446             0.51470                   1
          177.483850             0.51543                   1
          201.398005             0.51478                   1
          217.325395             0.51478                   1
          273.172655             0.51479                   1
          297.071553             0.51473                   1
          307.039806             0.51480                   1
          322.982789             0.51479                   1
          326.960684             0.51525                   1
          334.947851             0.51474                   1
