            8.023130             0.51493                   1
           13.997669             0.51481                   1
           21.984758             0.51481                   1
           35.930934             0.51481                   1
           37.927783             0.51480                   1
           71.841710             0.51478                   1
           97.799751             0.51481                   1
          107.752422             0.51479                   1
          111.714811             0.51537                   1
          117.705081             0.51479                   1
          131.666914             0.51481                   1
          159.559286             0.51479                   1
          163.537308             0.51478                   1
          179.480346             0.51471                   1
          189.432998             0.51477                   1
          205.376151             0.51537                   1
          257.214036             0.51485                   1
          265.185584             0.51477                   1
          303.061884             0.51472                   1
          313.014579             0.51477                   1
          336.929708             0.52976                   1
