           27.959564             0.51477                   1
           83.823185             0.51482                   1
          103.790154             0.51470                   1
          137.641663             0.51478                   1
          141.635171             0.51485                   1
          157.562529             0.51482                   1
          165.518493             0.51477                   1
          181.461439             0.51489                   1
          187.451799             0.51476                   1
          191.414149             0.51474                   1
          211.350740             0.51479                   1
          215.344242             0.51473                   1
          229.305974             0.51486                   1
          235.296373             0.51474                   1
          239.274364             0.51466                   1
          247.245796             0.51483                   1
          255.232862             0.51484                   1
          261.191959             0.51484                   1
          277.150613             0.51477                   1
          295.090399             0.51475                   1
          316.992452             0.51481                   1
