           10.003519             0.51662                   1
           43.900820             0.51661                   1
           65.849060             0.51662                   1
           67.832234             0.51662                   1
           85.780799             0.51662                   1
           91.763665             0.51661                   1
          113.695243             0.51662                   1
          117.661593             0.51662                   1
          131.610471             0.51662                   1
          157.558403             0.51662                   1
          165.507762             0.51662                   1
          167.490941             0.51662                   1
          177.456814             0.51662                   1
          181.423151             0.51663                   1
          203.338077             0.51662                   1
          231.252513             0.51663                   1
          245.201397             0.51662                   1
          259.150287             0.51662                   1
          261.133459             0.51663                   1
          271.115998             0.51662                   1
          289.047894             0.51662                   1
          324.928364             0.51662                   1
