            8.020347             0.66740                   1
           23.969079             0.63826                   1
           33.934961             0.68811                   1
           41.917642             0.66521                   1
           47.883834             0.53084                   1
           93.746830             0.85063                   1
          115.678414             0.68648                   1
          125.627620             0.88903                   1
          149.575706             1.18830                   1
          159.541574             0.74220                   1
          163.524590             0.73508                   1
          173.473796             0.70558                   1
          193.388873             0.82196                   1
          199.355063             0.69566                   1
          213.320606             0.72973                   1
          215.303775             0.75450                   1
          241.235051             0.68657                   1
          285.081558             1.37485                   1
          293.030912             0.79333                   1
          312.979326             1.20435                   1
          314.962485             1.04514                   1
          320.962020             0.78951                   1
          326.911542             1.13580                   1
