           10.003519             0.57216                   1
           43.900820             0.70599                   1
           65.849060             0.81314                   1
           67.832234             0.99791                   1
           85.780799             0.57687                   1
           91.763665             0.53790                   1
          113.695243             0.62970                   1
          117.661593             0.64726                   1
          131.610471             0.61000                   1
          157.558403             0.67744                   1
          165.507762             0.68786                   1
          167.490941             0.76060                   1
          177.456814             0.71447                   1
          181.423151             1.07600                   1
          203.338077             0.64857                   1
          231.252513             0.58937                   1
          245.201397             0.88008                   1
          259.150287             1.09880                   1
          261.133459             0.91560                   1
          271.115998             0.82881                   1
          289.047894             1.05641                   1
          324.928364             0.57505                   1
