           17.986219             0.51662                   1
           27.952088             0.51662                   1
           53.866689             0.51662                   1
           55.866520             0.51662                   1
           73.815089             0.51662                   1
           81.797792             0.51662                   1
          103.729369             0.51662                   1
          109.712230             0.51662                   1
          121.644608             0.51662                   1
          143.592855             0.51662                   1
          147.575869             0.51662                   1
          179.439987             0.51662                   1
          229.269352             0.51661                   1
          235.252194             0.51662                   1
          243.218220             0.51662                   1
          247.184577             0.51662                   1
          251.167587             0.51662                   1
          277.098854             0.51662                   1
          287.064724             0.51662                   1
          297.013947             0.51661                   1
          308.996312             0.51662                   1
          322.945186             0.51662                   1
          338.893919             0.51662                   1
          340.877089             0.51662                   1
