           17.986219             0.61327                   1
           27.952088             0.82311                   1
           53.866689             0.71587                   1
           55.866520             0.64396                   1
           73.815089             1.04691                   1
           81.797792             0.54401                   1
          103.729369             0.65989                   1
          109.712230             0.64483                   1
          121.644608             0.70411                   1
          143.592855             0.84331                   1
          147.575869             0.78818                   1
          179.439987             0.84321                   1
          229.269352             0.54057                   1
          235.252194             0.75754                   1
          243.218220             1.06332                   1
          247.184577             1.24089                   1
          251.167587             0.80977                   1
          277.098854             0.71787                   1
          287.064724             0.77572                   1
          297.013947             0.82619                   1
          308.996312             0.69952                   1
          322.945186             1.43026                   1
          338.893919             0.72116                   1
          340.877089             0.85788                   1
