            8.020347             0.51662                   1
           23.969079             0.51661                   1
           33.934961             0.51659                   1
           41.917642             0.51662                   1
           47.883834             0.51662                   1
           93.746830             0.51663                   1
          115.678414             0.51662                   1
          125.627620             0.51662                   1
          149.575706             0.49996                   1
          159.541574             0.51662                   1
          163.524590             0.51662                   1
          173.473796             0.51662                   1
          193.388873             0.51662                   1
          199.355063             0.51663                   1
          213.320606             0.51663                   1
          215.303775             0.51663                   1
          241.235051             0.51662                   1
          285.081558             0.51662                   1
          293.030912             0.51662                   1
          312.979326             0.51662                   1
          314.962485             0.51664                   1
          320.962020             0.51662                   1
          326.911542             0.51662                   1
