           19.977046             0.51476                   1
           23.954979             0.51480                   1
           39.913629             0.51478                   1
           47.885118             0.51481                   1
           71.830881             0.51477                   1
           89.739519             0.51476                   1
           91.720674             0.51477                   1
           95.698578             0.51489                   1
          101.673407             0.51533                   1
          125.556730             0.51472                   1
          157.474027             0.51471                   1
          177.411539             0.52948                   1
          189.375710             0.51478                   1
          197.347225             0.51479                   1
          199.328395             0.51483                   1
          203.306374             0.51478                   1
          243.196080             0.52947                   1
          259.153800             0.51484                   1
          281.102811             0.51476                   1
          297.045817             0.51483                   1
          312.988875             0.51476                   1
          328.963086             0.51483                   1
