           12.005408             0.51486                   1
           31.942136             0.51474                   1
           45.888703             0.51540                   1
           57.869070             0.51466                   1
           69.849757             0.51476                   1
           87.758354             0.51477                   1
          105.666941             0.51483                   1
          107.648156             0.51478                   1
          111.627065             0.52943                   1
          113.622977             0.51467                   1
          119.581980             0.51476                   1
          123.575587             0.51479                   1
          139.503880             0.52951                   1
          149.502495             0.51476                   1
          159.470851             0.51472                   1
          183.385330             0.51480                   1
          205.288434             0.52952                   1
          213.274652             0.51474                   1
          227.252132             0.51477                   1
          255.175895             0.51476                   1
          293.067875             0.51484                   1
          299.026992             0.51531                   1
          303.020689             0.51467                   1
