           13.986685             0.51480                   1
           37.932453             0.51477                   1
           73.812030             0.51507                   1
           79.802398             0.51484                   1
           83.780926             0.52985                   1
           85.777129             0.51480                   1
           93.717436             0.51486                   1
          115.604103             0.51478                   1
          127.537943             0.51476                   1
          137.521796             0.51480                   1
          167.442332             0.51550                   1
          169.439136             0.51482                   1
          181.404184             0.51478                   1
          193.353716             0.51477                   1
          233.226880             0.51534                   1
          241.213993             0.51482                   1
          249.185518             0.51479                   1
          261.134941             0.51506                   1
          267.125363             0.51473                   1
          277.109250             0.51476                   1
          289.074315             0.51473                   1
