            8.028753             0.51498                   1
           23.987110             0.51480                   1
           33.955339             0.51468                   1
           41.942290             0.51477                   1
           47.916954             0.51483                   1
           93.779955             0.51481                   1
          115.713103             0.51476                   1
          125.665685             0.51475                   1
          149.611105             0.51482                   1
          159.579293             0.51481                   1
          163.557229             0.51471                   1
          173.509791             0.51477                   1
          193.430536             0.51543                   1
          199.405209             0.51487                   1
          213.382491             0.51480                   1
          221.338873             0.52979                   1
          285.141295             0.51533                   1
          293.096776             0.51473                   1
          313.049601             0.52944                   1
          315.045410             0.51478                   1
          321.020098             0.51476                   1
          326.979177             0.51480                   1
