            8.028753             0.93893                   1
           23.987110             1.04411                   1
           33.955339             0.80357                   1
           41.942290             1.14435                   1
           47.916954             1.04151                   1
           93.779955             0.66511                   1
          115.713103             0.93125                   1
          125.665685             0.77835                   1
          149.611105             0.79217                   1
          159.579293             1.21572                   1
          163.557229             0.75765                   1
          173.509791             0.98878                   1
          193.430536             0.96340                   1
          199.405209             0.81249                   1
          213.382491             1.26684                   1
          221.338873             0.86222                   1
          285.141295             0.89784                   1
          293.096776             0.60613                   1
          313.049601             0.78068                   1
          315.045410             0.69683                   1
          321.020098             0.72194                   1
          326.979177             0.73863                   1
