           10.025423             0.51481                   1
           43.923483             0.51465                   1
           65.872161             0.51483                   1
           67.853327             0.51478                   1
           85.808531             0.51477                   1
           91.783461             0.51541                   1
          113.731879             0.51486                   1
          117.694199             0.51479                   1
          131.655988             0.51461                   1
          157.598125             0.51482                   1
          165.538385             0.51495                   1
          177.503257             0.51485                   1
          181.465617             0.51479                   1
          189.452656             0.51473                   1
          203.398758             0.51468                   1
          231.322118             0.51480                   1
          245.252659             0.51474                   1
          259.214263             0.51483                   1
          261.195468             0.51474                   1
          271.179217             0.51474                   1
          289.118837             0.51477                   1
          324.998014             0.51484                   1
