           18.012434             0.51480                   1
           27.980647             0.51472                   1
           53.891590             0.51481                   1
           55.888371             0.51481                   1
           73.843581             0.51479                   1
           81.814966             0.51473                   1
          103.763737             0.51471                   1
          109.738405             0.51472                   1
          121.687743             0.51471                   1
          143.636485             0.51473                   1
          147.614757             0.51540                   1
          179.484402             0.51482                   1
          229.325346             0.51473                   1
          235.300039             0.51473                   1
          243.271435             0.51478                   1
          247.233764             0.51477                   1
          251.227274             0.51478                   1
          277.169516             0.51481                   1
          287.137688             0.51476                   1
          297.090273             0.51480                   1
          309.070822             0.51477                   1
          323.016888             0.51483                   1
          338.959738             0.51473                   1
          340.956455             0.51480                   1
