           18.012434             0.65094                   1
           27.980647             0.72244                   1
           53.891590             0.84269                   1
           55.888371             1.02187                   1
           73.843581             0.90609                   1
           81.814966             0.96644                   1
          103.763737             0.74496                   1
          109.738405             0.72210                   1
          121.687743             0.74044                   1
          143.636485             1.14301                   1
          147.614757             0.79658                   1
          179.484402             0.82196                   1
          229.325346             0.94744                   1
          235.300039             0.86058                   1
          243.271435             0.76100                   1
          247.233764             0.64651                   1
          251.227274             1.04488                   1
          277.169516             0.75790                   1
          287.137688             0.87735                   1
          297.090273             1.32445                   1
          309.070822             0.86359                   1
          323.016888             0.53308                   1
          338.959738             0.93376                   1
          340.956455             0.60095                   1
