           25.973172             0.51478                   1
           29.966696             0.51480                   1
           31.947900             0.51471                   1
           49.903062             0.51479                   1
           59.855656             0.51482                   1
           81.804333             0.51469                   1
           90.150252             0.51489                   1
          112.067731             0.51479                   1
          126.029397             0.51473                   1
          130.022944             0.51472                   1
          135.997547             0.51477                   1
          153.952791             0.51477                   1
          167.914480             0.51475                   1
          239.704121             0.51474                   1
          251.653426             0.51482                   1
          275.583270             0.51525                   1
          277.580053             0.51475                   1
          305.519058             0.51479                   1
          313.475533             0.52970                   1
          323.458655             0.51467                   1
          337.389122             0.51475                   1
