            8.033759             0.51792                   1
           10.030385             0.47327                   1
           41.931689             0.49959                   1
           47.921929             0.49248                   1
           57.874507             0.45964                   1
           85.782305             0.59100                   1
           94.128125             0.44490                   1
           96.109252             0.43174                   1
          118.042551             0.63375                   1
          139.991076             0.51656                   1
          165.933245             0.52557                   1
          177.882697             0.55976                   1
          203.824904             0.67273                   1
          217.770956             0.53423                   1
          227.739116             0.59778                   1
          241.685221             0.51526                   1
          267.627439             0.51621                   1
          273.602105             0.52538                   1
          285.552302             0.55881                   1
          309.496950             0.67740                   1
          319.465167             0.54887                   1
          331.398955             0.50276                   1
          339.370244             0.54721                   1
