           14.008339             0.55118                   1
           15.989406             0.53007                   1
           51.884259             0.58604                   1
           67.842696             0.55520                   1
           75.829697             0.77593                   1
           83.801112             0.62025                   1
           87.763500             0.49768                   1
           92.146928             0.61014                   1
          106.093065             0.71163                   1
          108.074140             0.65045                   1
          173.889572             0.56167                   1
          179.863849             0.64255                   1
          199.831359             0.68242                   1
          207.802786             0.63070                   1
          213.793034             0.57629                   1
          225.757978             0.57893                   1
          237.707311             0.78928                   1
          245.663121             0.66524                   1
          255.631267             0.46477                   1
          301.525514             0.63309                   1
          325.439771             0.63007                   1
          327.420938             0.60886                   1
          341.366948             0.71041                   1
