            8.033759             0.51494                   1
           10.030385             0.51478                   1
           41.931689             0.51475                   1
           47.921929             0.51469                   1
           57.874507             0.51480                   1
           85.782305             0.51475                   1
           94.128125             0.51475                   1
           96.109252             0.51478                   1
          118.042551             0.51543                   1
          139.991076             0.51480                   1
          165.933245             0.51488                   1
          177.882697             0.51475                   1
          203.824904             0.51479                   1
          217.770956             0.51478                   1
          227.739116             0.51477                   1
          241.685221             0.51479                   1
          267.627439             0.51480                   1
          273.602105             0.51476                   1
          285.552302             0.52952                   1
          309.496950             0.51477                   1
          319.465167             0.51472                   1
          331.398955             0.51537                   1
          339.370244             0.51478                   1
