           18.011538             0.51471                   1
           27.979839             0.51472                   1
           53.891130             0.51479                   1
           55.887932             0.51477                   1
           73.827771             0.51494                   1
           81.814888             0.51474                   1
          103.763881             0.51475                   1
          109.738604             0.51478                   1
          121.673421             0.52949                   1
          143.637014             0.51483                   1
          147.614991             0.51482                   1
          179.485505             0.51478                   1
          229.327029             0.51474                   1
          235.301728             0.51481                   1
          243.257961             0.51541                   1
          247.235668             0.51468                   1
          251.213532             0.51473                   1
          277.156113             0.51478                   1
          287.124371             0.51486                   1
          297.077116             0.51478                   1
          309.057860             0.51539                   1
          323.004060             0.51480                   1
          338.962741             0.51475                   1
          340.943837             0.51484                   1
