            8.027770             0.51489                   1
           23.986276             0.51472                   1
           33.954566             0.51468                   1
           41.941746             0.51473                   1
           47.916442             0.51478                   1
           93.779960             0.51477                   1
          115.713315             0.51479                   1
          125.665996             0.51476                   1
          149.596548             0.51542                   1
          163.558023             0.51479                   1
          173.510741             0.51483                   1
          193.431703             0.51474                   1
          199.406512             0.51476                   1
          213.368337             0.51484                   1
          215.350291             0.52954                   1
          285.143154             0.51487                   1
          293.099183             0.51472                   1
          315.032508             0.51480                   1
          321.022922             0.51472                   1
          326.966335             0.51487                   1
