           10.024381             0.51476                   1
           43.922813             0.51485                   1
           65.871768             0.51476                   1
           67.852991             0.51483                   1
           85.808432             0.51470                   1
           91.783154             0.51477                   1
          117.694513             0.51481                   1
          157.583303             0.51481                   1
          165.539223             0.51481                   1
          167.520381             0.51480                   1
          177.488761             0.51539                   1
          181.466658             0.51480                   1
          189.453814             0.51475                   1
          197.425313             0.51469                   1
          203.384407             0.51484                   1
          231.308229             0.51469                   1
          245.254460             0.51476                   1
          259.200680             0.51479                   1
          261.181842             0.51478                   1
          271.165739             0.51526                   1
          289.105561             0.51481                   1
          324.985257             0.51475                   1
