           10.015802             0.53583                   1
           43.913813             1.31674                   1
           65.862557             0.73534                   1
           67.843685             0.69811                   1
           85.798922             0.68634                   1
           91.773543             0.87956                   1
          113.722300             0.68209                   1
          117.684618             0.74366                   1
          131.646307             0.86155                   1
          157.573906             0.67714                   1
          165.528735             0.61003                   1
          177.493654             0.62075                   1
          181.456006             0.68229                   1
          189.443026             0.74302                   1
          197.414477             0.68332                   1
          203.389085             0.89252                   1
          231.312549             0.72823                   1
          245.242978             0.68538                   1
          259.204694             0.60321                   1
          261.185860             0.63001                   1
          271.169606             0.70995                   1
          289.109215             0.70580                   1
          324.988411             0.56943                   1
