            8.019137             0.51494                   1
           23.977494             0.51481                   1
           33.945661             0.51476                   1
           41.932681             0.51478                   1
           47.907328             0.51480                   1
           93.770301             0.51475                   1
          115.703470             0.51472                   1
          125.656006             0.51478                   1
          149.601494             0.51480                   1
          159.569582             0.51485                   1
          163.547615             0.51474                   1
          173.500167             0.51477                   1
          193.420887             0.51521                   1
          199.395562             0.51484                   1
          213.372858             0.51480                   1
          215.354035             0.51480                   1
          221.329066             0.51542                   1
          241.280662             0.51477                   1
          285.131222             0.51481                   1
          293.087092             0.51480                   1
          313.039062             0.51525                   1
          315.035850             0.51479                   1
          326.969518             0.51484                   1
