            8.019137             0.68454                   1
           23.977494             0.84572                   1
           33.945661             0.89320                   1
           41.932681             0.96995                   1
           47.907328             1.18714                   1
           93.770301             0.85870                   1
          115.703470             0.78888                   1
          125.656006             0.99604                   1
          149.601494             0.60180                   1
          159.569582             0.84139                   1
          163.547615             0.82323                   1
          173.500167             0.63036                   1
          193.420887             0.76504                   1
          199.395562             0.85414                   1
          213.372858             0.65244                   1
          215.354035             0.81523                   1
          221.329066             0.96797                   1
          241.280662             1.10378                   1
          285.131222             0.77190                   1
          293.087092             0.67178                   1
          313.039062             0.79919                   1
          315.035850             0.79438                   1
          326.969518             0.70034                   1
