           18.002865             0.51473                   1
           27.970978             0.51480                   1
           53.881998             0.51482                   1
           55.878818             0.51474                   1
           73.819391             0.52939                   1
           81.805344             0.51479                   1
          103.754142             0.51476                   1
          109.728789             0.51478                   1
          121.678177             0.51472                   1
          143.626847             0.51476                   1
          147.604790             0.51530                   1
          179.474836             0.51475                   1
          229.315726             0.51476                   1
          235.290389             0.51475                   1
          243.261748             0.51484                   1
          247.224087             0.51477                   1
          251.217668             0.51477                   1
          277.159860             0.51479                   1
          287.128089             0.51470                   1
          297.080624             0.51475                   1
          309.061161             0.51479                   1
          338.950079             0.51472                   1
          340.931838             0.52971                   1
