           10.015802             0.51474                   1
           43.913813             0.51481                   1
           65.862557             0.51475                   1
           67.843685             0.51483                   1
           85.798922             0.51476                   1
           91.773543             0.51531                   1
          113.722300             0.51472                   1
          117.684618             0.51473                   1
          131.646307             0.51478                   1
          157.573906             0.52940                   1
          165.528735             0.51479                   1
          177.493654             0.51482                   1
          181.456006             0.51475                   1
          189.443026             0.51480                   1
          197.414477             0.51480                   1
          203.389085             0.51485                   1
          231.312549             0.51474                   1
          245.242978             0.51471                   1
          259.204694             0.51470                   1
          261.185860             0.51473                   1
          271.169606             0.51478                   1
          289.109215             0.51480                   1
          324.988411             0.51481                   1
