           18.002865             0.72454                   1
           27.970978             0.70809                   1
           53.881998             0.70028                   1
           55.878818             0.71137                   1
           73.819391             0.74621                   1
           81.805344             0.65604                   1
          103.754142             0.70657                   1
          109.728789             0.86773                   1
          121.678177             0.66196                   1
          143.626847             0.74472                   1
          147.604790             0.67060                   1
          179.474836             0.65553                   1
          229.315726             0.83708                   1
          235.290389             0.83020                   1
          243.261748             0.60265                   1
          247.224087             0.54423                   1
          251.217668             0.80646                   1
          277.159860             0.73554                   1
          287.128089             0.80697                   1
          297.080624             0.76614                   1
          309.061161             0.92924                   1
          338.950079             0.87138                   1
          340.931838             0.71358                   1
