           13.986833             0.51480                   1
           37.932698             0.51475                   1
           73.828039             0.51478                   1
           79.802776             0.51482                   1
           83.796366             0.51478                   1
           85.777545             0.51481                   1
          115.604579             0.51473                   1
          127.538837             0.51532                   1
          167.458558             0.51483                   1
          169.439753             0.51482                   1
          181.404890             0.51482                   1
          193.369976             0.51482                   1
          233.243329             0.51476                   1
          241.230481             0.51480                   1
          249.202039             0.51469                   1
          261.151518             0.51485                   1
          267.126828             0.51526                   1
          277.125890             0.51469                   1
          289.090953             0.51470                   1
          316.983511             0.51483                   1
          340.944936             0.51482                   1
