          159.471406             0.51479                   1
          183.386225             0.51531                   1
          255.176785             0.51478                   1
          293.068829             0.51484                   1
          299.043615             0.51488                   1
          303.021671             0.51475                   1
           47.885421             0.51476                   1
          157.490236             0.51482                   1
          177.426877             0.51483                   1
          243.211651             0.51480                   1
          259.170384             0.51476                   1
          307.015277             0.51472                   1
           10.024476             0.51478                   1
           93.717872             0.51487                   1
          137.537974             0.51481                   1
