           19.977265             0.51471                   1
           23.955200             0.51474                   1
           39.913885             0.51480                   1
           71.831201             0.51484                   1
           89.739878             0.51481                   1
           91.722010             0.52945                   1
           95.699079             0.51482                   1
          101.689431             0.51480                   1
          125.557213             0.51487                   1
          189.376427             0.51480                   1
          197.348027             0.51479                   1
          199.329152             0.51480                   1
          203.322769             0.51478                   1
          219.265818             0.51482                   1
          281.103805             0.51479                   1
          297.062481             0.51480                   1
          312.989940             0.51483                   1
          328.964297             0.51472                   1
