           12.005641             0.51483                   1
           31.942320             0.51482                   1
           45.904218             0.51476                   1
           57.869393             0.51476                   1
           69.850078             0.51478                   1
           87.758699             0.51484                   1
          105.667389             0.51480                   1
          107.648613             0.51476                   1
          111.642174             0.51482                   1
          113.623374             0.51475                   1
          119.598074             0.51477                   1
          123.576105             0.51480                   1
          139.519203             0.51477                   1
          149.503152             0.51473                   1
          205.303883             0.51483                   1
          213.291046             0.51486                   1
          227.252954             0.51479                   1
