           10.011502             0.75617                   1
           23.960386             0.67891                   1
           45.891968             0.61876                   1
           55.874509             0.65198                   1
           57.857685             0.95670                   1
           65.840367             0.74187                   1
          105.753846             0.88334                   1
          109.720194             0.70084                   1
          121.669244             1.07948                   1
          129.651940             0.64859                   1
          147.583846             1.05220                   1
          153.566686             0.46121                   1
          155.549868             0.54200                   1
          177.464788             0.61047                   1
          201.362875             0.91173                   1
          217.278272             0.70796                   1
          241.209690             1.44786                   1
          273.123816             0.82894                   1
          293.055557             0.91267                   1
          297.021911             1.08219                   1
          306.987775             0.72414                   1
          322.919835             0.64765                   1
          326.902855             0.73647                   1
          334.902213             0.72892                   1
