           10.011502             0.51666                   1
           23.960386             0.51663                   1
           45.891968             0.51662                   1
           55.874509             0.51661                   1
           57.857685             0.51661                   1
           65.840367             0.51663                   1
          105.753846             0.51662                   1
          109.720194             0.51662                   1
          121.669244             0.51662                   1
          129.651940             0.51662                   1
          147.583846             0.51661                   1
          153.566686             0.51663                   1
          155.549868             0.51662                   1
          177.464788             0.51662                   1
          201.362875             0.51662                   1
          217.278272             0.51662                   1
          241.209690             0.51662                   1
          273.123816             0.51662                   1
          293.055557             0.51662                   1
          297.021911             0.51662                   1
          306.987775             0.51661                   1
          322.919835             0.51662                   1
          326.902855             0.51662                   1
          334.902213             0.51662                   1
