           47.919303             0.51471                   1
           93.782683             0.51482                   1
          115.716006             0.51481                   1
          125.668704             0.51475                   1
          149.599413             0.52975                   1
          159.582659             0.51471                   1
          173.513197             0.51484                   1
          193.434252             0.51474                   1
          199.408919             0.51481                   1
          213.370737             0.51476                   1
          215.367532             0.51479                   1
          221.342213             0.51479                   1
          285.145412             0.51476                   1
          293.101320             0.51477                   1
          313.053419             0.51482                   1
          321.024962             0.51474                   1
          326.968439             0.51538                   1
