           43.925765             0.51483                   1
           67.855814             0.51482                   1
           85.811236             0.51479                   1
           91.785874             0.51484                   1
          117.697170             0.51480                   1
          157.585881             0.51468                   1
          165.541794             0.51475                   1
          167.522953             0.51491                   1
          177.491688             0.52995                   1
          181.469203             0.51473                   1
          189.456237             0.51480                   1
          197.427764             0.51475                   1
          203.386862             0.51481                   1
          231.310496             0.51473                   1
          245.256711             0.51474                   1
          259.202974             0.51474                   1
          271.168521             0.51541                   1
          289.107705             0.51482                   1
