           53.894044             0.51472                   1
          147.617646             0.51473                   1
          179.487973             0.51474                   1
          277.158290             0.51480                   1
          340.945890             0.51475                   1
            8.030741             0.51499                   1
           23.989222             0.51480                   1
           33.957498             0.51478                   1
           41.944575             0.51479                   1
          163.560584             0.51481                   1
          241.278739             0.51482                   1
          315.034596             0.51481                   1
           10.027495             0.51474                   1
           65.874624             0.51478                   1
          113.734837             0.51476                   1
          131.658988             0.51483                   1
          261.184091             0.51522                   1
          324.987307             0.51468                   1
