           14.022459             0.51485                   1
           23.975138             0.51478                   1
           29.965565             0.51473                   1
           61.851570             0.51480                   1
           79.791422             0.51475                   1
           89.728528             0.51477                   1
          111.677466             0.51482                   1
          113.658726             0.51472                   1
          123.611414             0.51475                   1
          145.544758             0.51479                   1
          179.474444             0.51475                   1
          185.449723             0.52974                   1
          189.442715             0.51471                   1
          191.423915             0.51475                   1
          195.417513             0.51474                   1
          219.378810             0.51478                   1
          225.369192             0.51477                   1
          241.312276             0.51468                   1
          251.296035             0.51534                   1
          259.251991             0.51473                   1
          273.229531             0.51476                   1
          279.188586             0.51508                   1
          295.100471             0.51481                   1
          313.040287             0.51476                   1
