            8.047977             0.51455                   1
           16.004204             0.51491                   1
           18.000466             0.51478                   1
           31.946671             0.51480                   1
           39.933778             0.51483                   1
           43.911733             0.51500                   1
           47.889727             0.51482                   1
           69.823173             0.51470                   1
           77.810223             0.51471                   1
           85.750538             0.51473                   1
          103.705964             0.51485                   1
          107.683932             0.51476                   1
          115.639858             0.51483                   1
          121.630297             0.51471                   1
          157.525410             0.51483                   1
          167.493774             0.51472                   1
          233.356357             0.51470                   1
          255.289688             0.51478                   1
          257.270835             0.51482                   1
          289.142094             0.52963                   1
          305.068699             0.51487                   1
          321.011833             0.51470                   1
          332.976886             0.51481                   1
