           57.873645             0.51479                   1
           67.841929             0.51479                   1
           81.772779             0.51544                   1
           83.769434             0.51472                   1
          125.592599             0.51479                   1
          137.557584             0.51521                   1
          149.538232             0.51483                   1
          165.496976             0.51475                   1
          207.398113             0.51474                   1
          235.337459             0.51480                   1
          281.185394             0.51488                   1
          285.163387             0.51475                   1
          291.138104             0.51474                   1
          293.119192             0.51491                   1
          299.094003             0.51486                   1
          315.021521             0.51469                   1
          322.993028             0.51476                   1
          338.967223             0.51478                   1
          340.948416             0.51479                   1
