           12.017632             0.51482                   1
           15.995620             0.51483                   1
           47.928390             0.51478                   1
           51.890723             0.51480                   1
           63.855779             0.51479                   1
           69.846109             0.51479                   1
           89.782575             0.51477                   1
           91.763797             0.51481                   1
          113.712685             0.51488                   1
          123.665357             0.51485                   1
          143.601930             0.51481                   1
          153.570210             0.51480                   1
          167.500788             0.51527                   1
          191.446530             0.51473                   1
          195.408807             0.51495                   1
          235.313132             0.51477                   1
          241.287846             0.51477                   1
          249.274934             0.51472                   1
          257.246515             0.51474                   1
          277.167384             0.51477                   1
          322.999586             0.51476                   1
          328.974291             0.51476                   1
          336.946603             0.52955                   1
