           39.941244             0.51488                   1
           87.801468             0.51480                   1
           93.760624             0.51476                   1
           95.741801             0.51475                   1
          101.716461             0.51487                   1
          115.693897             0.51479                   1
          127.643355             0.51477                   1
          139.608384             0.51528                   1
          159.544933             0.51483                   1
          177.485291             0.52977                   1
          193.427689             0.51478                   1
          219.338944             0.51481                   1
          259.227628             0.51482                   1
          267.214689             0.51487                   1
          275.186188             0.51482                   1
          283.157666             0.51491                   1
          285.138888             0.51475                   1
          297.103934             0.51473                   1
          299.085103             0.51538                   1
          307.072136             0.51490                   1
          317.040436             0.51475                   1
          321.018433             0.51479                   1
          338.942574             0.51478                   1
