            8.026347             0.51998                   1
           29.985833             0.52004                   1
           45.950478             0.51997                   1
           49.920362             0.52004                   1
           61.900168             0.51995                   1
           73.839865             0.50497                   1
          103.754259             0.51993                   1
          107.739107             0.51499                   1
          115.733940             0.50491                   1
          119.703871             0.51994                   1
          135.678469             0.51996                   1
          155.613069             0.51994                   1
          171.577689             0.50494                   1
          177.547566             0.51996                   1
          189.522257             0.50994                   1
          225.406500             0.50993                   1
          233.361250             0.52003                   1
          251.325857             0.52003                   1
          267.275580             0.51994                   1
          293.204956             0.51998                   1
          307.169678             0.51985                   1
          321.134333             0.51997                   1
          325.119156             0.52008                   1
          337.108960             0.50501                   1
