            8.026347             0.48532                   1
           29.985833             0.58919                   1
           45.950478             0.56005                   1
           49.920362             0.63005                   1
           61.900168             0.40183                   1
           73.839865             0.46980                   1
          103.754259             0.49846                   1
          107.739107             0.52946                   1
          115.733940             0.62240                   1
          119.703871             0.89234                   1
          135.678469             0.66126                   1
          155.613069             0.53402                   1
          171.577689             0.60096                   1
          177.547566             0.52021                   1
          189.522257             0.57578                   1
          225.406500             0.51008                   1
          233.361250             0.52752                   1
          251.325857             0.70632                   1
          267.275580             0.62012                   1
          293.204956             0.56995                   1
          307.169678             1.25272                   1
          321.134333             0.63167                   1
          325.119156             0.55076                   1
          337.108960             0.54452                   1
