           16.011168             0.51496                   1
           71.854930             0.50502                   1
           75.824805             0.50498                   1
           87.804570             0.52000                   1
          117.718928             0.51994                   1
          137.663386             0.52001                   1
          145.648217             0.51496                   1
          147.633125             0.52011                   1
          163.607873             0.50505                   1
          173.562527             0.52010                   1
          195.492116             0.52004                   1
          217.426605             0.50504                   1
          239.361169             0.50496                   1
          249.340921             0.51997                   1
          287.220045             0.52002                   1
          295.204913             0.50500                   1
          315.149446             0.50999                   1
