           20.006185             0.50481                   1
           31.985852             0.50495                   1
           35.970821             0.50490                   1
           47.935438             0.52006                   1
           59.915178             0.50497                   1
           63.885088             0.51999                   1
           69.854961             0.52011                   1
          101.769211             0.52005                   1
          167.592772             0.50497                   1
          183.542439             0.50500                   1
          191.512244             0.50497                   1
          197.492108             0.50499                   1
          203.476961             0.50494                   1
          209.446749             0.50502                   1
          215.426684             0.51996                   1
          231.376296             0.51996                   1
          255.310764             0.52005                   1
          263.305607             0.50498                   1
          265.290608             0.51992                   1
          283.240178             0.50491                   1
          301.184744             0.50998                   1
          313.164515             0.50502                   1
