            8.017926             0.96581                   1
           10.001098             0.75059                   1
           41.915214             0.70760                   1
           47.898064             1.11658                   1
           57.847268             1.11914                   1
           85.745023             0.92467                   1
           93.677713             0.71175                   1
           95.660884             0.67253                   1
          117.609135             0.81172                   1
          139.540707             0.85555                   1
          165.471963             0.78759                   1
          177.421005             0.89426                   1
          203.352249             0.68231                   1
          217.317801             0.86041                   1
          227.283671             1.24626                   1
          241.215845             1.04173                   1
          267.147133             1.07776                   1
          273.129992             0.87875                   1
          285.079035             0.92941                   1
          295.061555             1.05058                   1
          309.027107             1.05270                   1
          318.992976             1.11856                   1
          330.925351             0.79389                   1
          338.891377             1.12362                   1
