           25.966493             0.51662                   1
           29.949524             0.51660                   1
           31.932679             0.51662                   1
           49.881234             0.51662                   1
           59.830436             0.51662                   1
           81.778680             0.51662                   1
           89.711373             0.51662                   1
          111.609609             0.51663                   1
          125.591829             0.51662                   1
          129.574842             0.51662                   1
          135.557697             0.51662                   1
          151.523082             0.51662                   1
          153.506252             0.51662                   1
          157.489266             0.51662                   1
          167.455132             0.51662                   1
          187.386863             0.51663                   1
          239.232700             0.51662                   1
          251.181754             0.51662                   1
          275.113162             0.51662                   1
          277.096336             0.51662                   1
          305.027431             0.51662                   1
          313.010124             0.51662                   1
          322.975992             0.51662                   1
          336.908207             0.51662                   1
