           13.984115             0.87145                   1
           15.967290             0.73621                   1
           51.864410             0.92614                   1
           67.813126             0.97700                   1
           75.795827             1.05009                   1
           83.761850             1.11585                   1
           87.728197             0.83743                   1
           91.694547             0.85495                   1
          105.643423             0.83371                   1
          107.626593             0.77051                   1
          173.437989             0.84536                   1
          179.404175             0.94303                   1
          199.369234             0.85745                   1
          207.335264             1.06719                   1
          225.300497             0.94148                   1
          229.266842             1.02305                   1
          237.249534             1.21612                   1
          245.198883             0.97860                   1
          255.164767             0.91646                   1
          301.044411             1.08359                   1
          324.959161             1.17622                   1
          326.942335             0.68902                   1
          340.874551             0.74046                   1
