           10.029994             0.51478                   1
           13.992370             0.51476                   1
           37.938003             0.51480                   1
           73.817590             0.51538                   1
           79.807914             0.51478                   1
           83.786823             0.52939                   1
           85.782590             0.51480                   1
           93.722917             0.51472                   1
          115.609465             0.51468                   1
          127.543246             0.51477                   1
          137.527107             0.51473                   1
          167.448262             0.52972                   1
          169.444248             0.51484                   1
          181.409303             0.51482                   1
          193.358707             0.51485                   1
          233.232839             0.52938                   1
          241.218940             0.51478                   1
          249.190420             0.51482                   1
          261.140467             0.52981                   1
          277.114106             0.51474                   1
          289.079136             0.51533                   1
          316.971526             0.51508                   1
