            8.033378             0.51489                   1
           12.011171             0.51480                   1
           31.947702             0.51480                   1
           45.894519             0.52983                   1
           57.874561             0.51482                   1
           69.855283             0.51474                   1
           87.763758             0.51484                   1
          105.672338             0.51480                   1
          107.653545             0.51471                   1
          111.647077             0.51483                   1
          113.628227             0.51478                   1
          119.587322             0.51483                   1
          123.580893             0.51479                   1
          159.476067             0.51478                   1
          183.390492             0.51472                   1
          205.308238             0.51475                   1
          213.279695             0.51484                   1
          227.257145             0.51479                   1
          255.180805             0.51475                   1
          293.072651             0.51484                   1
          299.032759             0.52935                   1
