           19.982644             0.51484                   1
           23.960627             0.51481                   1
           39.919231             0.51481                   1
           71.836378             0.51477                   1
           89.744974             0.51478                   1
           91.726084             0.51480                   1
           95.704099             0.51476                   1
          101.679069             0.51538                   1
          125.562014             0.51485                   1
          157.479241             0.51517                   1
          177.431310             0.51480                   1
          189.380868             0.51475                   1
          197.352344             0.51478                   1
          199.333557             0.51478                   1
          203.311376             0.51484                   1
          219.270030             0.51482                   1
          243.215728             0.51476                   1
          259.158748             0.51471                   1
          297.050624             0.51476                   1
          307.003279             0.51477                   1
          312.993615             0.51478                   1
          328.967774             0.51482                   1
