            8.032969             0.62278                   1
           23.987607             0.61173                   1
           33.967460             0.46364                   1
           41.947288             0.67563                   1
           47.922231             0.74052                   1
           93.816443             0.56514                   1
          115.766124             0.82290                   1
          125.720932             0.53186                   1
          149.665575             0.54662                   1
          159.635393             0.65657                   1
          163.635378             0.72043                   1
          173.590146             0.57345                   1
          193.524845             0.55823                   1
          199.494685             0.59625                   1
          213.474516             0.86405                   1
          215.459463             0.61509                   1
          241.394000             0.83189                   1
          285.278313             1.39448                   1
          293.233175             0.87942                   1
          313.207862             0.77630                   1
          315.182835             0.58526                   1
          321.177737             1.02213                   1
          327.132578             1.32318                   1
