           18.002784             0.50075                   1
           27.972585             0.52010                   1
           53.917123             0.63352                   1
           55.902099             0.56045                   1
           73.866842             0.61921                   1
           81.846666             1.00726                   1
          103.796301             0.65705                   1
          109.781174             0.72801                   1
          121.735988             0.46890                   1
          143.695686             0.62865                   1
          147.680585             0.47565                   1
          179.560101             0.72334                   1
          229.439213             0.61098                   1
          235.409141             0.66488                   1
          243.379063             0.72678                   1
          247.363963             0.44583                   1
          251.348872             0.74077                   1
          277.293455             0.88354                   1
          287.263322             0.71350                   1
          297.228118             0.64444                   1
          309.212915             0.95529                   1
          323.162720             0.64522                   1
          339.117405             0.95404                   1
          341.112443             0.75901                   1
