            8.032969             0.50992                   1
           23.987607             0.51997                   1
           33.967460             0.50497                   1
           41.947288             0.52006                   1
           47.922231             0.51997                   1
           93.816443             0.50508                   1
          115.766124             0.50499                   1
          125.720932             0.50497                   1
          149.665575             0.50997                   1
          159.635393             0.52000                   1
          163.635378             0.50491                   1
          173.590146             0.52003                   1
          193.524845             0.51995                   1
          199.494685             0.52001                   1
          213.474516             0.50488                   1
          215.459463             0.51995                   1
          241.394000             0.52000                   1
          285.278313             0.52000                   1
          293.233175             0.52003                   1
          313.207862             0.50497                   1
          315.182835             0.51990                   1
          321.177737             0.50495                   1
          327.132578             0.50996                   1
