           10.017903             0.50994                   1
           43.937345             0.51999                   1
           67.871944             0.51491                   1
           85.831673             0.51989                   1
           91.831605             0.50491                   1
          113.766178             0.52003                   1
          117.751084             0.50497                   1
          131.700871             0.52001                   1
          157.650422             0.52002                   1
          165.620264             0.50497                   1
          167.605271             0.50500                   1
          177.570012             0.52009                   1
          181.545006             0.52002                   1
          189.539897             0.50501                   1
          197.509813             0.51993                   1
          203.479631             0.52001                   1
          231.424280             0.50489                   1
          245.363961             0.52000                   1
          259.328769             0.50993                   1
          261.313633             0.51012                   1
          271.298531             0.52005                   1
          289.248227             0.51998                   1
          325.147697             0.50991                   1
