           18.002784             0.52002                   1
           27.972585             0.51996                   1
           53.917123             0.50496                   1
           55.902099             0.51999                   1
           73.866842             0.50501                   1
           81.846666             0.51001                   1
          103.796301             0.51000                   1
          109.781174             0.52003                   1
          121.735988             0.50501                   1
          143.695686             0.50994                   1
          147.680585             0.51999                   1
          179.560101             0.52000                   1
          229.439213             0.50494                   1
          235.409141             0.50509                   1
          243.379063             0.51995                   1
          247.363963             0.50492                   1
          251.348872             0.50503                   1
          277.293455             0.50499                   1
          287.263322             0.51994                   1
          297.228118             0.51002                   1
          309.212915             0.52003                   1
          323.162720             0.50492                   1
          339.117405             0.52000                   1
          341.112443             0.50999                   1
