           10.017903             0.51005                   1
           43.937345             0.63748                   1
           67.871944             0.69430                   1
           85.831673             0.78209                   1
           91.831605             0.58205                   1
          113.766178             0.78291                   1
          117.751084             0.50510                   1
          131.700871             0.63980                   1
          157.650422             0.68160                   1
          165.620264             0.56751                   1
          167.605271             0.48644                   1
          177.570012             0.65746                   1
          181.545006             0.67436                   1
          189.539897             0.62331                   1
          197.509813             0.58118                   1
          203.479631             0.69919                   1
          231.424280             0.81787                   1
          245.363961             0.54189                   1
          259.328769             0.64072                   1
          261.313633             0.73576                   1
          271.298531             0.71862                   1
          289.248227             0.58451                   1
          325.147697             0.50060                   1
