           39.948607             0.51479                   1
           87.808931             0.51478                   1
           93.768031             0.51487                   1
           95.749262             0.51477                   1
          101.723957             0.51479                   1
          115.701467             0.51467                   1
          127.650935             0.51484                   1
          139.615948             0.51509                   1
          159.552623             0.51477                   1
          177.492573             0.51536                   1
          193.435448             0.51482                   1
          211.375319             0.51469                   1
          219.346800             0.51477                   1
          259.235603             0.51481                   1
          267.222763             0.51477                   1
          275.194246             0.51480                   1
          283.165748             0.51483                   1
          285.146937             0.51482                   1
          297.112086             0.51474                   1
          299.093184             0.51486                   1
          307.080333             0.51484                   1
          317.048655             0.51477                   1
          321.026592             0.51484                   1
          338.950799             0.51482                   1
