           12.024889             0.51481                   1
           16.002781             0.51478                   1
           47.935761             0.51468                   1
           51.898112             0.51477                   1
           63.863131             0.51483                   1
           69.853493             0.51477                   1
           91.771282             0.51474                   1
          113.720236             0.51482                   1
          123.672923             0.51483                   1
          143.609611             0.51474                   1
          153.577867             0.51479                   1
          167.508447             0.51488                   1
          191.454295             0.51484                   1
          195.416616             0.51472                   1
          235.321039             0.51478                   1
          241.295781             0.51481                   1
          249.282888             0.51479                   1
          257.254452             0.51475                   1
          277.175381             0.51483                   1
          323.007814             0.51477                   1
          328.982496             0.51473                   1
          336.954218             0.51543                   1
