            8.031462             0.51497                   1
           19.996469             0.51465                   1
           25.971175             0.51473                   1
           27.967980             0.51475                   1
           49.916949             0.51477                   1
           61.881973             0.51479                   1
           71.834679             0.51475                   1
           81.818570             0.51478                   1
          119.679385             0.51478                   1
          131.644495             0.51476                   1
          147.587520             0.51476                   1
          155.559025             0.51473                   1
          165.527359             0.51479                   1
          183.482774             0.51470                   1
          185.463947             0.51482                   1
          207.412944             0.51475                   1
          209.394112             0.51481                   1
          215.354123             0.52952                   1
          253.261841             0.52940                   1
          273.213108             0.51476                   1
          289.124890             0.51478                   1
          309.061842             0.51536                   1
          319.045497             0.51468                   1
