           25.970654             0.51471                   1
           29.963951             0.51476                   1
           31.945133             0.51477                   1
           49.900378             0.51483                   1
           59.853008             0.51483                   1
           89.742632             0.51536                   1
          111.659798             0.51480                   1
          125.621609             0.51530                   1
          129.615115             0.51476                   1
          135.605431             0.51477                   1
          157.538688             0.51476                   1
          167.506861             0.51485                   1
          187.443390             0.51479                   1
          239.296958             0.51474                   1
          251.246308             0.51476                   1
          275.191925             0.51481                   1
          277.173127             0.51479                   1
          305.112263             0.51478                   1
          313.083709             0.51475                   1
          323.051968             0.51482                   1
          336.998190             0.51479                   1
