           14.005401             0.80220                   1
           15.986517             0.74105                   1
           51.881561             0.62911                   1
           67.840123             0.99818                   1
           75.827184             0.91489                   1
           83.798643             0.73523                   1
           87.761005             0.72473                   1
           91.738928             0.61873                   1
          105.685111             0.80819                   1
          107.666982             0.69026                   1
          173.497211             0.81839                   1
          179.456275             0.77916                   1
          199.424583             0.94635                   1
          207.395400             0.93534                   1
          213.385801             1.00880                   1
          225.350700             0.68358                   1
          229.328705             0.96150                   1
          237.315700             0.71028                   1
          245.271578             0.57826                   1
          255.239897             1.00166                   1
          301.134354             0.53009                   1
          325.033149             0.83069                   1
          327.029913             0.82590                   1
          340.960423             0.87901                   1
