           14.005401             0.51474                   1
           15.986517             0.51479                   1
           51.881561             0.51473                   1
           67.840123             0.51478                   1
           75.827184             0.51484                   1
           83.798643             0.51472                   1
           87.761005             0.51473                   1
           91.738928             0.51481                   1
          105.685111             0.51480                   1
          107.666982             0.52967                   1
          173.497211             0.51472                   1
          179.456275             0.51475                   1
          199.424583             0.51520                   1
          207.395400             0.51486                   1
          213.385801             0.51476                   1
          225.350700             0.51487                   1
          229.328705             0.51481                   1
          237.315700             0.51479                   1
          245.271578             0.51485                   1
          255.239897             0.51484                   1
          301.134354             0.51476                   1
          325.033149             0.51478                   1
          327.029913             0.51478                   1
          340.960423             0.51480                   1
