            8.030845             0.51480                   1
           10.027432             0.51482                   1
           41.928937             0.51482                   1
           47.919198             0.51486                   1
           57.871899             0.51476                   1
           85.779843             0.51478                   1
           93.720110             0.51473                   1
           95.701265             0.51485                   1
          117.650082             0.51477                   1
          139.583343             0.51481                   1
          165.525755             0.51475                   1
          177.475109             0.51482                   1
          203.417522             0.51472                   1
          217.363866             0.51534                   1
          227.347521             0.51480                   1
          241.278106             0.51476                   1
          267.220458             0.51483                   1
          273.210858             0.51474                   1
          285.160174             0.51475                   1
          295.144017             0.51483                   1
          309.105831             0.51479                   1
          319.074038             0.51479                   1
          331.007753             0.51493                   1
          338.979312             0.51482                   1
