           25.970654             0.70064                   1
           29.963951             0.72325                   1
           31.945133             0.71003                   1
           49.900378             0.65029                   1
           59.853008             0.56160                   1
           89.742632             0.71907                   1
          111.659798             1.00135                   1
          125.621609             1.09517                   1
          129.615115             0.76559                   1
          135.605431             0.64713                   1
          157.538688             0.65731                   1
          167.506861             0.62488                   1
          187.443390             0.76784                   1
          239.296958             0.65704                   1
          251.246308             0.77133                   1
          275.191925             0.69716                   1
          277.173127             0.63594                   1
          305.112263             0.73607                   1
          313.083709             0.70047                   1
          323.051968             0.69992                   1
          336.998190             0.71336                   1
