           10.026077             0.51477                   1
           13.988411             0.51470                   1
           37.933928             0.51475                   1
           73.828896             0.51474                   1
           79.803525             0.51481                   1
           85.778216             0.51481                   1
           93.718492             0.51475                   1
          115.604832             0.51485                   1
          127.554236             0.51486                   1
          137.538033             0.51483                   1
          167.458264             0.51481                   1
          169.439468             0.51478                   1
          181.404410             0.51475                   1
          193.369389             0.51481                   1
          233.242217             0.51472                   1
          241.229250             0.51476                   1
          249.200721             0.51483                   1
          261.150111             0.51476                   1
          289.089148             0.51486                   1
