           39.915094             0.51482                   1
           71.832119             0.51473                   1
           89.740534             0.51480                   1
           91.737348             0.51478                   1
           95.699637             0.51476                   1
          101.689929             0.51476                   1
          157.490073             0.51476                   1
          177.426496             0.51478                   1
          199.328433             0.51484                   1
          203.321998             0.51480                   1
          219.265640             0.52963                   1
          243.210485             0.51473                   1
          307.013224             0.51477                   1
