            8.029452             0.51489                   1
           12.007234             0.51482                   1
           31.943612             0.51483                   1
           45.905389             0.51483                   1
           57.870416             0.51475                   1
           69.850947             0.51486                   1
           87.759361             0.51482                   1
          105.667890             0.51475                   1
          107.648969             0.51481                   1
          111.642521             0.51471                   1
          113.623686             0.51480                   1
          119.598377             0.51479                   1
          123.576323             0.51480                   1
          139.519246             0.51475                   1
          149.503039             0.51474                   1
          159.471279             0.51477                   1
          183.401184             0.51480                   1
          205.303120             0.51484                   1
          213.290217             0.51481                   1
          227.251929             0.51477                   1
          255.175371             0.51479                   1
          293.067249             0.51526                   1
          303.035268             0.51487                   1
