           19.978719             0.51474                   1
           23.956611             0.51470                   1
           47.886520             0.51486                   1
          125.557444             0.51477                   1
          189.375862             0.51479                   1
          197.347356             0.51473                   1
          259.168938             0.51471                   1
          281.102131             0.51478                   1
          297.060638             0.51478                   1
          313.003489             0.51484                   1
          328.961912             0.51488                   1
