           45.881517             0.51663                   1
           57.847237             0.51661                   1
           67.813105             0.51662                   1
           81.745324             0.51662                   1
           83.728501             0.51662                   1
           99.693894             0.51662                   1
          125.558494             0.51662                   1
          129.541522             0.51661                   1
          137.524214             0.51662                   1
          149.489924             0.51662                   1
          165.455320             0.51662                   1
          207.351974             0.51662                   1
          235.283078             0.51662                   1
          267.630527             0.51660                   1
          285.562402             0.51662                   1
          293.511767             0.51662                   1
          299.477955             0.51662                   1
          309.443834             0.51662                   1
          339.341453             0.51663                   1
          341.324620             0.51662                   1
