           45.881517             0.86921                   1
           57.847237             0.88719                   1
           67.813105             1.20102                   1
           81.745324             0.82045                   1
           83.728501             0.63722                   1
           99.693894             0.77544                   1
          125.558494             0.50216                   1
          129.541522             0.61504                   1
          137.524214             1.00809                   1
          149.489924             0.65807                   1
          165.455320             0.85234                   1
          207.351974             0.70650                   1
          235.283078             1.29467                   1
          267.630527             0.73036                   1
          285.562402             0.75004                   1
          293.511767             0.79243                   1
          299.477955             0.67411                   1
          309.443834             0.85198                   1
          339.341453             0.82555                   1
          341.324620             0.89033                   1
