           14.017393             0.71019                   1
           23.966637             0.67271                   1
           29.949487             0.48165                   1
           61.830253             1.20007                   1
           79.762137             0.82770                   1
           89.694691             0.53489                   1
          111.642938             0.74607                   1
          113.626112             0.63486                   1
          123.575297             0.86142                   1
          145.506912             1.44918                   1
          179.420861             0.86236                   1
          185.403727             0.85533                   1
          189.386741             0.88022                   1
          191.369915             0.72097                   1
          195.369595             0.87321                   1
          219.334357             0.81179                   1
          225.317207             0.74079                   1
          241.265937             0.84765                   1
          251.248473             0.71286                   1
          259.647871             0.98522                   1
          273.613374             1.02740                   1
          279.596212             0.82039                   1
          295.494937             0.45723                   1
          313.426852             0.59685                   1
