           14.017393             0.51662                   1
           23.966637             0.51659                   1
           29.949487             0.51659                   1
           61.830253             0.51662                   1
           79.762137             0.51663                   1
           89.694691             0.51663                   1
          111.642938             0.51662                   1
          113.626112             0.51663                   1
          123.575297             0.51664                   1
          145.506912             0.51662                   1
          179.420861             0.51663                   1
          185.403727             0.51662                   1
          189.386741             0.51662                   1
          191.369915             0.51662                   1
          195.369595             0.51662                   1
          219.334357             0.51661                   1
          225.317207             0.51662                   1
          241.265937             0.51662                   1
          251.248473             0.51662                   1
          259.647871             0.51655                   1
          273.613374             0.51661                   1
          279.596212             0.51662                   1
          295.494937             0.51662                   1
          313.426852             0.51662                   1
