            8.034536             1.36518                   1
           16.000569             0.67094                   1
           17.983750             0.73571                   1
           31.932623             0.49848                   1
           39.915312             0.95557                   1
           43.898343             0.59647                   1
           47.864699             0.82997                   1
           69.796280             0.93782                   1
           77.778979             1.16294                   1
           85.711674             0.71005                   1
          103.676908             0.56029                   1
          107.659925             0.82517                   1
          115.609287             0.65165                   1
          121.592148             0.70061                   1
          157.472621             0.89917                   1
          167.438489             0.60503                   1
          233.299904             0.98991                   1
          255.231488             0.71373                   1
          289.545417             1.18290                   1
          305.460815             0.81108                   1
          321.392881             1.05458                   1
          333.358597             0.68059                   1
