            8.034536             0.49996                   1
           16.000569             0.51662                   1
           17.983750             0.51661                   1
           31.932623             0.51662                   1
           39.915312             0.51663                   1
           43.898343             0.51662                   1
           47.864699             0.51662                   1
           69.796280             0.51662                   1
           77.778979             0.51662                   1
           85.711674             0.51663                   1
          103.676908             0.51662                   1
          107.659925             0.51662                   1
          115.609287             0.51665                   1
          121.592148             0.51662                   1
          157.472621             0.51662                   1
          167.438489             0.51662                   1
          233.299904             0.51662                   1
          255.231488             0.51662                   1
          289.545417             0.51662                   1
          305.460815             0.51662                   1
          321.392881             0.51662                   1
          333.358597             0.51662                   1
