            8.029308             0.51499                   1
           12.007078             0.51480                   1
           31.943473             0.51472                   1
           45.890324             0.52962                   1
           57.870075             0.51470                   1
           69.850593             0.51471                   1
           87.759005             0.51481                   1
          105.667397             0.51483                   1
          107.648538             0.51487                   1
          111.642121             0.51471                   1
          113.623268             0.51475                   1
          119.582510             0.51538                   1
          123.575780             0.51482                   1
          139.518675             0.51477                   1
          149.502442             0.51480                   1
          159.470662             0.51476                   1
          183.384882             0.51474                   1
          205.302343             0.51486                   1
          213.274728             0.52950                   1
          227.251138             0.51478                   1
          255.174454             0.51482                   1
          293.066057             0.51478                   1
          299.040732             0.51475                   1
          303.018661             0.51476                   1
