           10.025954             0.51480                   1
           13.988234             0.51478                   1
           37.933586             0.51490                   1
           73.813348             0.52995                   1
           79.803197             0.51475                   1
           83.796679             0.51482                   1
           85.777808             0.51483                   1
           93.718063             0.51480                   1
          115.604387             0.51474                   1
          127.538092             0.51482                   1
          137.521875             0.51479                   1
          167.457630             0.51483                   1
          169.438817             0.51480                   1
          181.403723             0.51485                   1
          193.353025             0.51478                   1
          233.241388             0.51479                   1
          241.213174             0.51538                   1
          249.184190             0.51479                   1
          261.149178             0.51475                   1
          267.123828             0.51477                   1
          277.107566             0.51483                   1
          289.088200             0.51472                   1
          316.980321             0.51479                   1
          340.941401             0.51477                   1
