           19.978436             0.51488                   1
           23.956420             0.51477                   1
           39.914914             0.51470                   1
           47.886303             0.51479                   1
           71.831725             0.51479                   1
           89.740135             0.51477                   1
           91.721254             0.51521                   1
           95.699242             0.51482                   1
          101.674834             0.52949                   1
          125.556976             0.51477                   1
          157.474836             0.52937                   1
          177.425853             0.51474                   1
          189.375169             0.51481                   1
          197.346568             0.51478                   1
          199.327748             0.51475                   1
          203.305622             0.51532                   1
          219.264080             0.51484                   1
          243.209623             0.51474                   1
          259.152362             0.51478                   1
          281.101182             0.51471                   1
          297.043958             0.51547                   1
          307.012161             0.51476                   1
          312.986785             0.51482                   1
          328.960834             0.51479                   1
