           16.016828             0.51486                   1
           65.857753             0.51473                   1
           75.794763             0.51479                   1
           87.775292             0.51479                   1
           97.743472             0.51479                   1
          117.664890             0.52978                   1
          137.616192             0.51487                   1
          145.603180             0.51480                   1
          147.584359             0.51480                   1
          153.558964             0.51511                   1
          163.542818             0.51485                   1
          173.495394             0.51481                   1
          195.412929             0.51477                   1
          207.362273             0.51478                   1
          217.315783             0.52944                   1
          229.295394             0.51474                   1
          239.247992             0.51472                   1
          249.231732             0.51479                   1
          271.134075             0.51524                   1
          279.120659             0.51475                   1
          287.092075             0.51475                   1
          295.063559             0.51471                   1
          314.999850             0.51476                   1
