            8.030062             0.73763                   1
           29.994187             0.54879                   1
           45.952659             0.63779                   1
           49.914920             0.62743                   1
           61.879868             1.22216                   1
           73.813568             1.28811                   1
          103.718128             0.80659                   1
          107.696027             0.61256                   1
          115.683083             0.64925                   1
          119.660979             0.67125                   1
          135.619566             0.78417                   1
          155.555862             0.61524                   1
          171.498624             0.67994                   1
          177.473294             1.36110                   1
          189.438221             0.69982                   1
          225.301805             0.79514                   1
          233.257653             0.59109                   1
          251.212877             1.28325                   1
          267.155738             0.72396                   1
          293.082378             1.28448                   1
          307.028638             0.84180                   1
          320.990126             0.72791                   1
          324.968021             0.80587                   1
          336.964181             0.85733                   1
