           20.010414             0.51689                   1
           31.975393             0.77559                   1
           47.933807             0.80061                   1
           59.898735             1.29934                   1
           63.876552             0.72140                   1
           69.835687             0.65011                   1
           89.756409             0.66472                   1
          101.736938             0.68385                   1
          123.638906             0.70924                   1
          167.520738             0.72200                   1
          183.463584             0.65865                   1
          191.435031             0.76694                   1
          197.394035             0.83177                   1
          203.384342             0.63328                   1
          209.358968             0.65043                   1
          215.333566             0.61972                   1
          231.276536             0.70829                   1
          255.206390             0.55364                   1
          263.193466             0.71834                   1
          265.174580             0.64113                   1
          283.114205             0.81300                   1
          301.053788             0.68886                   1
          313.018696             0.62759                   1
