           20.010414             0.51480                   1
           31.975393             0.51475                   1
           47.933807             0.51474                   1
           59.898735             0.51470                   1
           63.876552             0.51489                   1
           69.835687             0.51483                   1
           89.756409             0.51527                   1
          101.736938             0.51486                   1
          123.638906             0.51466                   1
          167.520738             0.51479                   1
          183.463584             0.51477                   1
          191.435031             0.51475                   1
          197.394035             0.51492                   1
          203.384342             0.51477                   1
          209.358968             0.51485                   1
          215.333566             0.51487                   1
          231.276536             0.51475                   1
          255.206390             0.51477                   1
          263.193466             0.51472                   1
          265.174580             0.51471                   1
          283.114205             0.51477                   1
          301.053788             0.51478                   1
          313.018696             0.51480                   1
