            8.030062             0.51472                   1
           29.994187             0.51470                   1
           45.952659             0.51476                   1
           49.914920             0.51483                   1
           61.879868             0.51475                   1
           73.813568             0.51484                   1
          103.718128             0.51483                   1
          107.696027             0.51477                   1
          115.683083             0.51476                   1
          119.660979             0.51480                   1
          135.619566             0.51526                   1
          155.555862             0.51476                   1
          171.498624             0.51478                   1
          177.473294             0.51474                   1
          189.438221             0.51480                   1
          225.301805             0.51483                   1
          233.257653             0.51474                   1
          251.212877             0.51479                   1
          267.155738             0.51479                   1
          293.082378             0.51475                   1
          307.028638             0.51523                   1
          320.990126             0.51478                   1
          324.968021             0.51507                   1
          336.964181             0.51475                   1
