           19.999978             0.51478                   1
           31.965064             0.51485                   1
           35.942984             0.51486                   1
           47.923703             0.51476                   1
           59.888781             0.51478                   1
           63.851146             0.51475                   1
           69.825909             0.51473                   1
           89.746853             0.51480                   1
          101.711939             0.51475                   1
          123.629738             0.51483                   1
          167.496459             0.51481                   1
          183.439513             0.51484                   1
          191.411140             0.51472                   1
          197.385784             0.51484                   1
          203.360548             0.51476                   1
          209.335269             0.51483                   1
          215.325668             0.51471                   1
          231.253064             0.51477                   1
          255.183231             0.51477                   1
          263.170338             0.51481                   1
          265.151539             0.51467                   1
          283.091358             0.51474                   1
          301.031169             0.51477                   1
          312.996299             0.51477                   1
