           16.006400             0.51489                   1
           65.848020             0.51467                   1
           71.807046             0.51482                   1
           75.785062             0.51478                   1
           87.765701             0.51479                   1
           97.734000             0.51471                   1
          117.655013             0.51479                   1
          137.591602             0.51480                   1
          147.559900             0.51477                   1
          153.550284             0.51473                   1
          163.518577             0.51475                   1
          173.471231             0.51483                   1
          195.389019             0.51477                   1
          207.354166             0.51474                   1
          217.306722             0.51485                   1
          229.271883             0.51482                   1
          239.224610             0.51476                   1
          249.208514             0.51479                   1
          279.097771             0.51480                   1
          287.069302             0.51483                   1
          295.040887             0.51471                   1
          314.977422             0.51483                   1
