            8.019504             0.51489                   1
           29.983872             0.51482                   1
           45.926851             0.51518                   1
           49.904886             0.51479                   1
           61.869950             0.51483                   1
           73.788284             0.51531                   1
          103.708763             0.51468                   1
          107.686730             0.51475                   1
          115.673866             0.51473                   1
          119.636179             0.51468                   1
          135.610397             0.51483                   1
          155.531390             0.51485                   1
          171.490067             0.51478                   1
          177.449577             0.51543                   1
          189.429936             0.51472                   1
          225.293897             0.51480                   1
          233.234237             0.51528                   1
          251.189672             0.51476                   1
          267.132708             0.51486                   1
          293.059641             0.51483                   1
          307.005892             0.51481                   1
          320.967802             0.51475                   1
          324.945734             0.51479                   1
          336.926390             0.51535                   1
