           25.969444             0.51481                   1
           29.963049             0.51477                   1
           31.944238             0.51475                   1
           49.899661             0.51473                   1
           59.852359             0.51476                   1
           81.801330             0.51480                   1
           89.741558             0.51489                   1
          111.644667             0.52953                   1
          125.621239             0.51482                   1
          129.599241             0.51478                   1
          135.589572             0.51469                   1
          151.563784             0.51481                   1
          153.544962             0.51485                   1
          157.523000             0.51471                   1
          167.491218             0.51497                   1
          187.443444             0.51485                   1
          239.281721             0.51482                   1
          251.231201             0.51479                   1
          275.176987             0.51480                   1
          277.158160             0.51484                   1
          305.097386             0.51486                   1
          313.068994             0.51481                   1
          323.037316             0.51467                   1
          336.967902             0.51519                   1
