           14.004402             0.57127                   1
           15.985553             0.68608                   1
           51.880805             0.76618                   1
           67.839499             0.70319                   1
           75.826497             0.66002                   1
           83.783091             0.54330                   1
           87.760545             0.63773                   1
           91.722826             0.70738                   1
          105.684716             0.73721                   1
          107.665782             0.61221                   1
          173.481582             0.76310                   1
          179.456345             0.63619                   1
          199.424079             0.84411                   1
          207.395622             0.74438                   1
          213.370359             0.68954                   1
          225.351092             0.86058                   1
          229.313422             0.72217                   1
          237.300553             0.71891                   1
          245.256469             0.66690                   1
          255.224809             0.85030                   1
          301.119533             0.64277                   1
          325.018506             0.73536                   1
          326.999630             0.57818                   1
          340.945928             0.67162                   1
