           14.004402             0.51481                   1
           15.985553             0.51477                   1
           51.880805             0.51482                   1
           67.839499             0.51478                   1
           75.826497             0.51484                   1
           83.783091             0.52972                   1
           87.760545             0.51471                   1
           91.722826             0.51479                   1
          105.684716             0.51479                   1
          107.665782             0.51484                   1
          173.481582             0.51475                   1
          179.456345             0.51480                   1
          199.424079             0.51483                   1
          207.395622             0.51482                   1
          213.370359             0.51473                   1
          225.351092             0.51478                   1
          229.313422             0.51478                   1
          237.300553             0.51483                   1
          245.256469             0.51480                   1
          255.224809             0.51480                   1
          301.119533             0.51477                   1
          325.018506             0.51477                   1
          326.999630             0.51479                   1
          340.945928             0.51473                   1
