           25.969444             0.75001                   1
           29.963049             0.71634                   1
           31.944238             0.64710                   1
           49.899661             0.58736                   1
           59.852359             0.78645                   1
           81.801330             0.55707                   1
           89.741558             0.58468                   1
          111.644667             0.87319                   1
          125.621239             0.57634                   1
          129.599241             0.80626                   1
          135.589572             0.60779                   1
          151.563784             0.75336                   1
          153.544962             0.64409                   1
          157.523000             0.67397                   1
          167.491218             0.67356                   1
          187.443444             0.56897                   1
          239.281721             0.80169                   1
          251.231201             1.12398                   1
          275.176987             0.65783                   1
          277.158160             0.70061                   1
          305.097386             0.57687                   1
          313.068994             0.60510                   1
          323.037316             0.62859                   1
          336.967902             0.61773                   1
