            8.029762             0.84206                   1
           10.026428             0.56533                   1
           41.928124             0.74304                   1
           47.918471             0.64060                   1
           57.871177             0.63970                   1
           85.779274             0.54705                   1
           93.719633             0.63055                   1
           95.700769             0.55335                   1
          117.634151             0.70759                   1
          139.567744             0.68557                   1
          165.510105             0.82272                   1
          177.460013             0.52059                   1
          203.402094             0.68197                   1
          217.363926             0.78392                   1
          227.332259             0.66343                   1
          241.262945             0.62847                   1
          267.205473             0.62946                   1
          273.195789             0.72703                   1
          285.145268             0.66534                   1
          295.129187             0.66523                   1
          309.075453             0.67872                   1
          319.044637             0.68538                   1
          330.993192             0.56054                   1
          338.964720             0.57289                   1
