            8.029762             0.51501                   1
           10.026428             0.51479                   1
           41.928124             0.51477                   1
           47.918471             0.51478                   1
           57.871177             0.51474                   1
           85.779274             0.51472                   1
           93.719633             0.51468                   1
           95.700769             0.51483                   1
          117.634151             0.51472                   1
          139.567744             0.51538                   1
          165.510105             0.51475                   1
          177.460013             0.51540                   1
          203.402094             0.51476                   1
          217.363926             0.51481                   1
          227.332259             0.51479                   1
          241.262945             0.51475                   1
          267.205473             0.51477                   1
          273.195789             0.51480                   1
          285.145268             0.51480                   1
          295.129187             0.51482                   1
          309.075453             0.51533                   1
          319.044637             0.52945                   1
          330.993192             0.51482                   1
          338.964720             0.51483                   1
