            8.027998             0.51496                   1
           29.992453             0.51480                   1
           45.935470             0.51533                   1
           49.913444             0.51481                   1
           61.878527             0.51482                   1
           73.796825             0.51538                   1
          103.717316             0.51476                   1
          107.695336             0.51472                   1
          115.682387             0.51483                   1
          119.644740             0.51481                   1
          135.618960             0.51481                   1
          155.540013             0.51476                   1
          171.498648             0.51479                   1
          177.458059             0.51539                   1
          189.438402             0.51479                   1
          225.302501             0.51478                   1
          233.242785             0.51525                   1
          251.198212             0.51475                   1
          267.141348             0.51468                   1
          293.068240             0.51473                   1
          307.014467             0.51476                   1
          320.976360             0.51478                   1
          324.954327             0.51473                   1
          336.934927             0.51516                   1
