           16.014998             0.51478                   1
           65.856493             0.51471                   1
           71.815625             0.51481                   1
           75.793617             0.51480                   1
           87.774270             0.51476                   1
           97.742573             0.51481                   1
          117.663580             0.51483                   1
          137.600201             0.51472                   1
          145.587305             0.51481                   1
          147.568481             0.51476                   1
          153.558805             0.51479                   1
          163.527116             0.51480                   1
          173.479848             0.51475                   1
          195.397579             0.51472                   1
          207.362643             0.51482                   1
          217.315377             0.51481                   1
          229.280477             0.51475                   1
          239.233193             0.51475                   1
          249.217034             0.51481                   1
          271.119446             0.51551                   1
          279.106329             0.51484                   1
          287.077815             0.51488                   1
          295.049438             0.51477                   1
          314.985913             0.51487                   1
