           12.015435             0.52004                   1
           16.010456             0.50491                   1
           47.950135             0.50499                   1
           51.915069             0.51001                   1
           63.889979             0.51992                   1
           69.884893             0.50496                   1
           89.824643             0.51498                   1
          116.939379             0.51992                   1
          126.899248             0.50999                   1
          146.854058             0.50491                   1
          156.828961             0.50496                   1
          194.733584             0.50496                   1
          201.448585             0.51492                   1
          238.993157             0.50489                   1
          244.973058             0.51998                   1
          250.962971             0.51005                   1
          258.942901             0.52003                   1
          266.922778             0.52001                   1
          288.472638             0.50494                   1
          337.072098             0.50504                   1
          343.037040             0.51990                   1
          351.026952             0.50993                   1
