            8.030488             0.51005                   1
           19.990355             0.52004                   1
           25.985360             0.50497                   1
           27.970326             0.51999                   1
           49.935105             0.50486                   1
           61.904954             0.51999                   1
           71.869833             0.50499                   1
           81.859775             0.50495                   1
          122.919353             0.50494                   1
          134.879170             0.50504                   1
          150.834012             0.52000                   1
          158.814033             0.51991                   1
          168.788767             0.52005                   1
          186.753622             0.51008                   1
          188.738815             0.50970                   1
          213.448438             0.50489                   1
          215.428367             0.51001                   1
          225.008230             0.51993                   1
          262.937868             0.50496                   1
          282.877564             0.52009                   1
          300.792523             0.51490                   1
          320.742260             0.52003                   1
          330.717170             0.51993                   1
          339.057087             0.50496                   1
