           39.955209             0.69993                   1
           87.839713             0.83052                   1
           93.804682             0.59348                   1
           98.974630             0.64739                   1
          104.954459             0.77949                   1
          118.924309             0.80938                   1
          130.884175             0.92130                   1
          142.859014             0.95424                   1
          162.808914             0.73200                   1
          180.763807             1.14473                   1
          196.718465             0.97375                   1
          221.023393             1.05230                   1
          229.003231             0.73640                   1
          268.907791             0.94305                   1
          276.897758             0.67297                   1
          284.872674             0.69789                   1
          294.452569             0.64585                   1
          296.437535             0.62086                   1
          308.782437             0.73977                   1
          310.767341             0.97877                   1
          318.757267             0.87667                   1
          328.732168             0.83760                   1
          335.087200             0.69841                   1
          353.011936             0.91738                   1
