           12.015435             0.64025                   1
           16.010456             0.54118                   1
           47.950135             0.77691                   1
           51.915069             0.60388                   1
           63.889979             0.61277                   1
           69.884893             0.63368                   1
           89.824643             0.54156                   1
          116.939379             0.82636                   1
          126.899248             0.77828                   1
          146.854058             0.72708                   1
          156.828961             0.67200                   1
          194.733584             0.61469                   1
          201.448585             0.64353                   1
          238.993157             0.56229                   1
          244.973058             0.75026                   1
          250.962971             0.72021                   1
          258.942901             1.18808                   1
          266.922778             0.73611                   1
          288.472638             0.72184                   1
          337.072098             0.79351                   1
          343.037040             0.70842                   1
          351.026952             0.96641                   1
