           39.955209             0.50994                   1
           87.839713             0.51499                   1
           93.804682             0.50507                   1
           98.974630             0.50488                   1
          104.954459             0.51505                   1
          118.924309             0.52003                   1
          130.884175             0.52012                   1
          142.859014             0.52000                   1
          162.808914             0.50500                   1
          180.763807             0.51990                   1
          196.718465             0.50498                   1
          221.023393             0.50988                   1
          229.003231             0.50494                   1
          268.907791             0.51499                   1
          276.897758             0.51994                   1
          284.872674             0.50994                   1
          294.452569             0.51999                   1
          296.437535             0.51507                   1
          308.782437             0.51992                   1
          310.767341             0.51990                   1
          318.757267             0.52004                   1
          328.732168             0.51998                   1
          335.087200             0.50491                   1
          353.011936             0.51992                   1
