           19.964154             0.51662                   1
           23.947211             0.51660                   1
           39.912614             0.51662                   1
           47.878663             0.51662                   1
           71.826811             0.51662                   1
           89.725418             0.51663                   1
           91.708605             0.51662                   1
          101.657825             0.51663                   1
          125.539331             0.51662                   1
          157.453526             0.51662                   1
          177.385314             0.51663                   1
          189.334390             0.51662                   1
          197.300429             0.51662                   1
          199.283617             0.51662                   1
          259.228983             0.51662                   1
          281.160610             0.51663                   1
          297.126052             0.51662                   1
          329.023587             0.51663                   1
