           19.964154             0.81133                   1
           23.947211             0.91616                   1
           39.912614             0.79039                   1
           47.878663             0.66417                   1
           71.826811             0.98744                   1
           89.725418             0.75243                   1
           91.708605             0.76916                   1
          101.657825             1.09972                   1
          125.539331             0.79367                   1
          157.453526             0.81474                   1
          177.385314             1.09847                   1
          189.334390             0.81309                   1
          197.300429             0.70290                   1
          199.283617             1.15171                   1
          259.228983             1.11691                   1
          281.160610             0.82479                   1
          297.126052             0.88297                   1
          329.023587             1.04068                   1
