           10.014929             0.96077                   1
           13.981283             0.69033                   1
           37.929439             0.74161                   1
           73.809990             0.75623                   1
           79.792864             0.74119                   1
           83.775889             0.72608                   1
           85.759062             0.77489                   1
           93.691793             0.74596                   1
          115.590093             0.67114                   1
          127.522510             0.53045                   1
          137.505067             0.81166                   1
          167.419420             0.83261                   1
          169.402598             0.87340                   1
          181.368341             0.85134                   1
          193.317405             0.84602                   1
          249.263091             0.69907                   1
          261.212158             0.75772                   1
          267.195038             0.91065                   1
          277.177586             1.12789                   1
          289.143337             0.97785                   1
          317.041177             0.75140                   1
          341.005995             0.92199                   1
