          111.607059             0.51663                   1
          113.590246             0.51662                   1
          149.470809             0.51662                   1
           95.674957             0.51663                   1
          203.266635             0.51663                   1
          219.348735             0.51662                   1
          243.280215             0.51662                   1
          307.075280             0.51662                   1
          313.058153             0.51662                   1
          233.314321             0.51662                   1
          241.297037             0.51662                   1
