           10.014929             0.51661                   1
           13.981283             0.51663                   1
           37.929439             0.51662                   1
           73.809990             0.51662                   1
           79.792864             0.51662                   1
           83.775889             0.51662                   1
           85.759062             0.51663                   1
           93.691793             0.51662                   1
          115.590093             0.49996                   1
          127.522510             0.51662                   1
          137.505067             0.51662                   1
          167.419420             0.51662                   1
          169.402598             0.51662                   1
          181.368341             0.51662                   1
          193.317405             0.51663                   1
          249.263091             0.51662                   1
          261.212158             0.51661                   1
          267.195038             0.51661                   1
          277.177586             0.51663                   1
          289.143337             0.51662                   1
          317.041177             0.51662                   1
          341.005995             0.51660                   1
