            8.031745             1.29601                   1
           11.998096             0.74555                   1
           31.946567             0.74064                   1
           45.895485             0.78337                   1
           57.861230             0.74534                   1
           69.843634             0.79467                   1
           87.742246             0.92765                   1
          105.640841             0.97264                   1
          107.624025             0.78142                   1
          119.573120             0.68002                   1
          123.556146             0.64891                   1
          139.488319             0.63639                   1
          159.436700             0.82351                   1
          183.351517             0.74015                   1
          205.383164             0.72399                   1
          213.365864             0.75711                   1
          227.331440             0.89519                   1
          255.245960             0.89201                   1
          293.143027             0.82611                   1
          299.109219             0.81979                   1
          303.092257             1.18861                   1
