            8.031745             0.51663                   1
           11.998096             0.51663                   1
           31.946567             0.49996                   1
           45.895485             0.51662                   1
           57.861230             0.51662                   1
           69.843634             0.51662                   1
           87.742246             0.51663                   1
          105.640841             0.51664                   1
          107.624025             0.51663                   1
          119.573120             0.51662                   1
          123.556146             0.51662                   1
          139.488319             0.51656                   1
          159.436700             0.51662                   1
          183.351517             0.51662                   1
          205.383164             0.51661                   1
          213.365864             0.51662                   1
          227.331440             0.51663                   1
          255.245960             0.51662                   1
          293.143027             0.51662                   1
          299.109219             0.51663                   1
          303.092257             0.51662                   1
