           20.007956             0.86339                   1
           31.972908             0.63399                   1
           35.950770             0.69610                   1
           47.931316             0.77113                   1
           59.896253             0.95778                   1
           63.858561             0.81941                   1
           69.833260             0.70056                   1
           89.753943             0.90718                   1
          101.719334             1.10144                   1
          123.636500             0.71163                   1
          167.518279             0.86846                   1
          183.445542             0.76467                   1
          191.416958             0.96099                   1
          197.391643             0.72213                   1
          203.366267             0.82733                   1
          209.340961             0.74046                   1
          215.331216             0.75002                   1
          231.258452             0.55835                   1
          255.188398             0.86758                   1
          263.175382             0.97638                   1
          265.156522             0.69122                   1
          283.096127             0.92704                   1
          301.035730             0.69893                   1
