           16.014406             0.88902                   1
           65.855407             0.94247                   1
           71.814374             0.67935                   1
           75.792296             1.14129                   1
           87.772846             0.80034                   1
           97.741047             0.99983                   1
          117.661835             0.91045                   1
          137.598154             0.88549                   1
          163.524778             0.92605                   1
          173.477342             0.62120                   1
          195.410408             0.89548                   1
          207.359797             0.88168                   1
          217.312318             0.88085                   1
          229.277341             0.60352                   1
          239.229864             1.25063                   1
          249.213661             0.96252                   1
          287.074003             0.83706                   1
          314.981754             0.80844                   1
