           16.014406             0.51486                   1
           65.855407             0.51474                   1
           71.814374             0.51475                   1
           75.792296             0.51482                   1
           87.772846             0.51477                   1
           97.741047             0.51477                   1
          117.661835             0.51473                   1
          137.598154             0.51474                   1
          163.524778             0.51480                   1
          173.477342             0.51481                   1
          195.410408             0.51480                   1
          207.359797             0.51478                   1
          217.312318             0.51486                   1
          229.277341             0.51479                   1
          239.229864             0.51480                   1
          249.213661             0.51478                   1
          287.074003             0.51478                   1
          314.981754             0.51479                   1
