            8.027565             0.79614                   1
           29.991754             0.89521                   1
           45.934785             0.88771                   1
           49.912495             0.70989                   1
           61.877432             1.38459                   1
           73.796273             0.72139                   1
          103.715718             1.17702                   1
          107.693642             0.93496                   1
          115.680640             1.05165                   1
          119.642948             0.69727                   1
          135.616977             0.82676                   1
          177.470865             0.70755                   1
          189.435834             0.70224                   1
          233.255213             0.59355                   1
          251.210468             0.78967                   1
          267.137732             0.83794                   1
          293.064255             0.99855                   1
          307.011301             0.78711                   1
          320.972037             0.96999                   1
          324.949961             0.69594                   1
          336.946176             0.92336                   1
