          155.537742             0.51476                   1
          171.496181             0.51475                   1
          225.299425             0.51477                   1
          145.585184             0.51475                   1
          147.566326             0.51466                   1
          153.556581             0.51481                   1
          271.131194             0.51482                   1
          279.118179             0.51474                   1
          295.045441             0.51481                   1
          313.000583             0.51490                   1
