            8.027565             0.51490                   1
           29.991754             0.51481                   1
           45.934785             0.51545                   1
           49.912495             0.51479                   1
           61.877432             0.51485                   1
           73.796273             0.52969                   1
          103.715718             0.51476                   1
          107.693642             0.51478                   1
          115.680640             0.51474                   1
          119.642948             0.51481                   1
          135.616977             0.51475                   1
          177.470865             0.51478                   1
          189.435834             0.51475                   1
          233.255213             0.51481                   1
          251.210468             0.51477                   1
          267.137732             0.51467                   1
          293.064255             0.51485                   1
          307.011301             0.52945                   1
          320.972037             0.51483                   1
          324.949961             0.51519                   1
          336.946176             0.51486                   1
