           20.007956             0.51477                   1
           31.972908             0.51483                   1
           35.950770             0.51491                   1
           47.931316             0.51481                   1
           59.896253             0.51480                   1
           63.858561             0.51483                   1
           69.833260             0.51475                   1
           89.753943             0.51488                   1
          101.719334             0.51538                   1
          123.636500             0.51474                   1
          167.518279             0.51478                   1
          183.445542             0.51477                   1
          191.416958             0.51472                   1
          197.391643             0.51484                   1
          203.366267             0.51477                   1
          209.340961             0.51480                   1
          215.331216             0.51482                   1
          231.258452             0.51472                   1
          255.188398             0.51470                   1
          263.175382             0.51477                   1
          265.156522             0.51478                   1
          283.096127             0.51473                   1
          301.035730             0.51473                   1
