           15.993920             0.92551                   1
           73.821862             0.60773                   1
           79.796496             0.57699                   1
           91.777068             0.65997                   1
           93.758224             0.63076                   1
          103.726357             0.71836                   1
          121.681606             0.65851                   1
          123.662692             0.68539                   1
          155.579687             1.20742                   1
          163.551001             0.83581                   1
          167.544560             0.73815                   1
          191.444105             0.54994                   1
          193.440022             0.54597                   1
          195.421174             0.61268                   1
          197.402315             0.47951                   1
          215.373062             0.76418                   1
          225.325628             0.67527                   1
          249.255559             0.56070                   1
          257.226928             0.90099                   1
          263.186752             0.63704                   1
          287.131547             0.68350                   1
          289.112661             0.61436                   1
          330.997685             0.64801                   1
          334.960584             0.61301                   1
