            8.022686             0.51483                   1
           17.990674             0.51484                   1
           31.952401             0.51477                   1
           53.901029             0.51484                   1
           63.869307             0.51484                   1
           65.850386             0.51482                   1
           67.831572             0.51477                   1
          127.656222             0.51486                   1
          139.621177             0.51480                   1
          179.509516             0.51474                   1
          185.484143             0.51480                   1
          209.383580             0.52963                   1
          219.366626             0.51479                   1
          223.344550             0.51478                   1
          247.274405             0.51474                   1
          261.204914             0.51472                   1
          267.179563             0.51482                   1
          275.150970             0.51481                   1
          301.093231             0.51471                   1
          305.071121             0.51481                   1
          309.049057             0.51474                   1
          319.032808             0.51480                   1
          323.010740             0.51476                   1
          340.950401             0.51463                   1
