           14.012796             0.51475                   1
           23.965331             0.51485                   1
           41.936156             0.51471                   1
           45.929658             0.51489                   1
           55.897820             0.51480                   1
           57.878984             0.51477                   1
           85.786739             0.51477                   1
          101.745199             0.51473                   1
          105.707588             0.51473                   1
          109.701089             0.51473                   1
          131.634217             0.51472                   1
          147.608201             0.51475                   1
          153.582861             0.51485                   1
          175.531554             0.51480                   1
          181.490662             0.51472                   1
          187.465322             0.51477                   1
          229.319230             0.51479                   1
          231.300306             0.51476                   1
          237.290622             0.51479                   1
          255.245879             0.51473                   1
          271.157443             0.51470                   1
          299.096471             0.51533                   1
          307.052254             0.51479                   1
          332.978906             0.51475                   1
