           15.993920             0.51477                   1
           73.821862             0.51478                   1
           79.796496             0.51476                   1
           91.777068             0.51467                   1
           93.758224             0.51470                   1
          103.726357             0.51479                   1
          121.681606             0.51476                   1
          123.662692             0.51480                   1
          155.579687             0.51470                   1
          163.551001             0.51499                   1
          167.544560             0.51474                   1
          191.444105             0.52948                   1
          193.440022             0.51478                   1
          195.421174             0.51480                   1
          197.402315             0.51474                   1
          215.373062             0.51483                   1
          225.325628             0.51484                   1
          249.255559             0.51479                   1
          257.226928             0.51480                   1
          263.186752             0.52970                   1
          287.131547             0.51472                   1
          289.112661             0.51478                   1
          330.997685             0.51489                   1
          334.960584             0.51535                   1
