           14.012796             0.83470                   1
           23.965331             0.53785                   1
           41.936156             0.81447                   1
           45.929658             0.91686                   1
           55.897820             0.94836                   1
           57.878984             1.03915                   1
           85.786739             0.73855                   1
          101.745199             0.59555                   1
          105.707588             0.69702                   1
          109.701089             0.64740                   1
          131.634217             0.75360                   1
          147.608201             0.69112                   1
          153.582861             0.66830                   1
          175.531554             0.70289                   1
          181.490662             0.59163                   1
          187.465322             0.61679                   1
          229.319230             0.76156                   1
          231.300306             0.82841                   1
          237.290622             0.96591                   1
          255.245879             0.72216                   1
          271.157443             0.77007                   1
          299.096471             0.63823                   1
          307.052254             0.85017                   1
          332.978906             0.78675                   1
