           15.998206             0.62525                   1
           73.826117             0.89156                   1
           79.800750             0.66875                   1
           91.781363             0.63176                   1
           93.762454             0.77058                   1
          103.730614             0.65013                   1
          121.685857             0.81430                   1
          123.666997             0.70510                   1
          155.583875             1.06725                   1
          163.555428             0.88746                   1
          167.548853             0.68589                   1
          191.463095             0.60292                   1
          193.444319             0.62960                   1
          195.425408             0.74446                   1
          197.406560             0.65125                   1
          215.377365             0.66391                   1
          249.259802             0.66047                   1
          257.231225             0.71282                   1
          263.191299             0.64049                   1
          287.135779             0.86329                   1
          289.116912             0.60212                   1
          331.002001             0.72376                   1
          334.964747             0.61687                   1
