           15.998206             0.51472                   1
           73.826117             0.51476                   1
           79.800750             0.51482                   1
           91.781363             0.51466                   1
           93.762454             0.51478                   1
          103.730614             0.51481                   1
          121.685857             0.51472                   1
          123.666997             0.51473                   1
          155.583875             0.51473                   1
          163.555428             0.51529                   1
          167.548853             0.51480                   1
          191.463095             0.51477                   1
          193.444319             0.51474                   1
          195.425408             0.51477                   1
          197.406560             0.51482                   1
          215.377365             0.51478                   1
          249.259802             0.51467                   1
          257.231225             0.51473                   1
          263.191299             0.52938                   1
          287.135779             0.51480                   1
          289.116912             0.51479                   1
          331.002001             0.51478                   1
          334.964747             0.51533                   1
