            8.026885             0.51481                   1
           17.994933             0.51480                   1
           31.956659             0.51484                   1
           53.905576             0.51474                   1
           63.873505             0.51479                   1
           65.854688             0.51484                   1
           67.835845             0.51477                   1
          127.660515             0.51478                   1
          139.625460             0.51471                   1
          179.513739             0.51476                   1
          185.488421             0.51481                   1
          209.402711             0.51479                   1
          219.370790             0.51489                   1
          247.278672             0.51479                   1
          261.209186             0.51473                   1
          267.183906             0.51469                   1
          275.155228             0.51475                   1
          301.097464             0.51476                   1
          305.075403             0.51474                   1
          309.053300             0.51478                   1
          319.037081             0.51472                   1
          323.014993             0.51483                   1
          340.954610             0.51475                   1
