           14.017067             0.57445                   1
           23.969648             0.70153                   1
           41.940332             0.77037                   1
           45.933927             0.76861                   1
           55.902100             0.73613                   1
           57.883297             0.68283                   1
           85.791030             0.67828                   1
          101.749540             0.95135                   1
          105.711872             0.75682                   1
          109.705321             0.64318                   1
          131.638397             0.69342                   1
          147.612474             1.31887                   1
          153.587093             0.67205                   1
          175.535872             1.18666                   1
          181.494881             0.79544                   1
          187.469543             0.62854                   1
          229.323425             0.75737                   1
          231.304604             0.86415                   1
          237.294902             0.71371                   1
          255.250078             0.69402                   1
          271.161710             0.80584                   1
          299.100831             0.69788                   1
          307.056524             0.71796                   1
          332.983137             0.63057                   1
