            8.026885             0.65284                   1
           17.994933             0.40448                   1
           31.956659             0.79428                   1
           53.905576             0.66871                   1
           63.873505             0.78848                   1
           65.854688             0.64721                   1
           67.835845             0.65799                   1
          127.660515             0.66344                   1
          139.625460             0.74617                   1
          179.513739             0.85663                   1
          185.488421             0.60175                   1
          209.402711             0.65469                   1
          219.370790             0.64632                   1
          247.278672             0.62564                   1
          261.209186             0.56671                   1
          267.183906             0.67981                   1
          275.155228             1.05215                   1
          301.097464             0.81318                   1
          305.075403             0.73113                   1
          309.053300             0.85714                   1
          319.037081             1.06493                   1
          323.014993             0.59895                   1
          340.954610             0.77879                   1
