           17.983471             0.51661                   1
           27.949236             0.51661                   1
           55.863435             0.51662                   1
           73.811844             0.51660                   1
           81.794471             0.51661                   1
          103.725860             0.51661                   1
          109.708662             0.51661                   1
          121.640929             0.51661                   1
          143.605656             0.51662                   1
          147.588633             0.51661                   1
          179.435807             0.51660                   1
          229.281380             0.51661                   1
          235.247522             0.51661                   1
          243.213480             0.51662                   1
          247.179796             0.51662                   1
          251.162779             0.51661                   1
          277.093810             0.51661                   1
          287.059587             0.51661                   1
          297.025376             0.51662                   1
          309.007648             0.51662                   1
          322.939740             0.51662                   1
          340.871487             0.51661                   1
