            8.017717             0.69394                   1
           23.966273             0.76883                   1
           33.932062             0.74668                   1
           41.914664             0.77178                   1
           47.897476             0.82874                   1
           93.743405             0.84526                   1
          115.674794             0.73706                   1
          125.623904             0.59562                   1
          159.537567             1.18476                   1
          163.520550             0.84161                   1
          173.469669             0.61215                   1
          193.384568             0.68857                   1
          199.350694             0.70624                   1
          213.316126             0.56434                   1
          215.299289             0.82107                   1
          221.298761             0.62142                   1
          241.230327             1.28910                   1
          285.076434             0.80950                   1
          293.025730             0.67591                   1
          312.990626             0.52634                   1
          314.973782             0.60712                   1
          326.906057             0.58642                   1
