           17.983471             0.55983                   1
           27.949236             0.60969                   1
           55.863435             0.77451                   1
           73.811844             0.80150                   1
           81.794471             0.71457                   1
          103.725860             0.67841                   1
          109.708662             0.59940                   1
          121.640929             0.84270                   1
          143.605656             0.98923                   1
          147.588633             0.94211                   1
          179.435807             0.66980                   1
          229.281380             0.97450                   1
          235.247522             0.64818                   1
          243.213480             0.69791                   1
          247.179796             0.54748                   1
          251.162779             0.68434                   1
          277.093810             0.72842                   1
          287.059587             0.65030                   1
          297.025376             0.72416                   1
          309.007648             0.59745                   1
          322.939740             0.69686                   1
          340.871487             0.78849                   1
