           10.000834             0.51663                   1
           43.897833             0.51661                   1
           85.777448             0.51662                   1
           91.760254             0.51661                   1
          113.691628             0.51663                   1
          117.657941             0.51663                   1
          131.623382             0.49995                   1
          157.554414             0.51662                   1
          165.503705             0.51667                   1
          167.486863             0.51662                   1
          177.452650             0.51661                   1
          181.418956             0.51662                   1
          189.401590             0.51662                   1
          197.367546             0.51662                   1
          203.333676             0.51663                   1
          231.264534             0.51662                   1
          245.196639             0.51662                   1
          259.145403             0.51662                   1
          261.128559             0.51662                   1
          271.111010             0.51663                   1
          289.042737             0.51662                   1
          324.922899             0.51662                   1
