           10.000834             0.59078                   1
           43.897833             0.66054                   1
           85.777448             0.72347                   1
           91.760254             0.78846                   1
          113.691628             0.62430                   1
          117.657941             0.60184                   1
          131.623382             0.61994                   1
          157.554414             0.83195                   1
          165.503705             0.88242                   1
          167.486863             0.58717                   1
          177.452650             0.54906                   1
          181.418956             0.66258                   1
          189.401590             0.80767                   1
          197.367546             0.68143                   1
          203.333676             0.65113                   1
          231.264534             0.67128                   1
          245.196639             0.46669                   1
          259.145403             0.72540                   1
          261.128559             0.68624                   1
          271.111010             0.84745                   1
          289.042737             0.67505                   1
          324.922899             0.80964                   1
