           14.003214             0.51478                   1
           15.984286             0.51476                   1
           51.879126             0.51479                   1
           67.837598             0.51476                   1
           75.824606             0.51475                   1
           83.795999             0.51473                   1
           87.758335             0.51477                   1
           91.720612             0.51524                   1
          105.682335             0.51478                   1
          107.663504             0.51476                   1
          173.478394             0.51483                   1
          179.453101             0.51481                   1
          199.420730             0.51466                   1
          207.392105             0.51476                   1
          213.366710             0.51523                   1
          225.347306             0.51476                   1
          229.309625             0.51475                   1
          237.296645             0.51474                   1
          245.252433             0.51477                   1
          255.220636             0.51477                   1
          301.114770             0.51482                   1
          325.013460             0.51474                   1
          327.010217             0.51481                   1
          340.940724             0.51482                   1
