           14.003214             0.58830                   1
           15.984286             0.48713                   1
           51.879126             0.47921                   1
           67.837598             0.61623                   1
           75.824606             0.51505                   1
           83.795999             0.52136                   1
           87.758335             0.44687                   1
           91.720612             0.60450                   1
          105.682335             0.64233                   1
          107.663504             0.57308                   1
          173.478394             0.66816                   1
          179.453101             0.61328                   1
          199.420730             0.54110                   1
          207.392105             0.49745                   1
          213.366710             0.51550                   1
          225.347306             1.17364                   1
          229.309625             0.67525                   1
          237.296645             0.67199                   1
          245.252433             0.69994                   1
          255.220636             0.64345                   1
          301.114770             0.69190                   1
          325.013460             0.60848                   1
          327.010217             0.53165                   1
          340.940724             0.73671                   1
