           25.968114             0.51481                   1
           29.961691             0.51469                   1
           31.942758             0.51481                   1
           49.897932             0.51482                   1
           59.850621             0.51474                   1
           81.799252             0.51476                   1
           89.739485             0.51478                   1
          111.657040             0.51476                   1
          125.618701             0.51477                   1
          129.597362             0.52962                   1
          135.586813             0.51478                   1
          151.560921             0.51470                   1
          153.542095             0.51476                   1
          157.520416             0.52994                   1
          167.503782             0.51473                   1
          187.440073             0.51481                   1
          239.277776             0.51478                   1
          251.228024             0.52951                   1
          275.172564             0.51478                   1
          277.153727             0.51478                   1
          305.092717             0.51478                   1
          313.064184             0.51474                   1
          323.032344             0.51478                   1
          336.978449             0.51473                   1
