            8.028610             0.51494                   1
           10.025307             0.51476                   1
           41.926591             0.51475                   1
           47.916813             0.51479                   1
           57.869434             0.51469                   1
           85.777186             0.51484                   1
           93.717427             0.51473                   1
           95.698576             0.51478                   1
          117.631714             0.51473                   1
          139.580416             0.51471                   1
          165.506965             0.51477                   1
          177.471955             0.51476                   1
          203.398558             0.51481                   1
          217.360251             0.51480                   1
          227.328488             0.51475                   1
          241.258920             0.51533                   1
          267.201145             0.51481                   1
          273.191409             0.51482                   1
          285.140762             0.51482                   1
          295.124502             0.51481                   1
          309.086211             0.51482                   1
          319.054387             0.51480                   1
          330.988163             0.51476                   1
          338.959595             0.51476                   1
