           25.968114             0.58302                   1
           29.961691             0.49329                   1
           31.942758             0.51495                   1
           49.897932             0.52445                   1
           59.850621             0.53946                   1
           81.799252             0.80615                   1
           89.739485             0.44966                   1
          111.657040             0.57943                   1
          125.618701             0.75334                   1
          129.597362             0.59057                   1
          135.586813             0.80093                   1
          151.560921             0.71432                   1
          153.542095             0.67709                   1
          157.520416             0.67465                   1
          167.503782             0.57893                   1
          187.440073             0.61003                   1
          239.277776             0.56278                   1
          251.228024             0.57215                   1
          275.172564             0.72291                   1
          277.153727             0.46168                   1
          305.092717             0.52181                   1
          313.064184             0.58212                   1
          323.032344             0.59764                   1
          336.978449             0.79510                   1
