            8.028610             0.66707                   1
           10.025307             0.46232                   1
           41.926591             0.49601                   1
           47.916813             0.58564                   1
           57.869434             0.54474                   1
           85.777186             0.47609                   1
           93.717427             0.45558                   1
           95.698576             0.60238                   1
          117.631714             0.53256                   1
          139.580416             0.53521                   1
          165.506965             0.63983                   1
          177.471955             0.56248                   1
          203.398558             0.60307                   1
          217.360251             0.60901                   1
          227.328488             0.69641                   1
          241.258920             0.57358                   1
          267.201145             0.74257                   1
          273.191409             0.76809                   1
          285.140762             0.98634                   1
          295.124502             0.60235                   1
          309.086211             0.59218                   1
          319.054387             0.49573                   1
          330.988163             0.66557                   1
          338.959595             0.56588                   1
