           14.019497             0.88403                   1
           23.972152             0.88307                   1
           29.962358             0.77266                   1
           61.848064             1.04594                   1
           79.787556             0.68193                   1
           89.724656             0.91250                   1
          111.673401             0.68310                   1
          113.654520             0.60589                   1
          123.606962             0.66912                   1
          145.540182             1.14327                   1
          179.469458             0.99691                   1
          185.444129             0.94206                   1
          191.418745             0.71124                   1
          195.412274             0.71766                   1
          219.373339             1.37977                   1
          225.363588             0.77339                   1
          241.306426             1.00602                   1
          251.290248             0.74194                   1
          259.246056             0.64190                   1
          273.223377             0.83208                   1
          279.182516             0.66481                   1
          295.094066             0.98468                   1
          313.033627             1.19661                   1
