            8.029378             0.51497                   1
           16.000616             0.51478                   1
           17.982711             0.52950                   1
           39.930499             0.51486                   1
           43.908467             0.51480                   1
           47.886369             0.51477                   1
           69.819442             0.51484                   1
           77.806495             0.51479                   1
           85.746739             0.51473                   1
          103.701948             0.51489                   1
          107.679916             0.51468                   1
          115.635661             0.51481                   1
          121.625883             0.51483                   1
          157.505658             0.52992                   1
          167.488825             0.51489                   1
          233.350659             0.51480                   1
          255.283751             0.51475                   1
          257.264958             0.51467                   1
          275.204525             0.51483                   1
          289.150623             0.51484                   1
          305.062207             0.51482                   1
          321.005080             0.51485                   1
