           45.905197             0.51482                   1
           57.870075             0.51479                   1
           67.838371             0.51477                   1
           81.768821             0.51475                   1
           99.708422             0.51471                   1
          125.588235             0.51482                   1
          129.581790             0.51475                   1
          137.553141             0.51472                   1
          149.533700             0.51477                   1
          165.492160             0.51475                   1
          207.392787             0.51481                   1
          267.233116             0.51481                   1
          281.179214             0.51472                   1
          285.157073             0.51483                   1
          291.131736             0.51479                   1
          293.112926             0.51474                   1
          299.087542             0.51477                   1
          309.055770             0.51484                   1
          322.986264             0.51475                   1
          338.960304             0.51478                   1
          340.941505             0.51475                   1
