           45.905197             0.83730                   1
           57.870075             0.87208                   1
           67.838371             0.91949                   1
           81.768821             1.12457                   1
           99.708422             0.79241                   1
          125.588235             1.39179                   1
          129.581790             0.83015                   1
          137.553141             1.26650                   1
          149.533700             0.86160                   1
          165.492160             1.18261                   1
          207.392787             0.89672                   1
          267.233116             1.29460                   1
          281.179214             1.04404                   1
          285.157073             0.77810                   1
          291.131736             1.24318                   1
          293.112926             1.11791                   1
          299.087542             0.92712                   1
          309.055770             0.71063                   1
          322.986264             1.38766                   1
          338.960304             0.93317                   1
          340.941505             0.99190                   1
