            8.029378             0.70635                   1
           16.000616             0.73486                   1
           17.982711             1.00870                   1
           39.930499             0.86819                   1
           43.908467             0.72210                   1
           47.886369             0.57605                   1
           69.819442             0.81035                   1
           77.806495             0.82305                   1
           85.746739             1.20253                   1
          103.701948             0.76677                   1
          107.679916             0.84468                   1
          115.635661             0.68070                   1
          121.625883             1.24226                   1
          157.505658             1.20140                   1
          167.488825             0.84191                   1
          233.350659             0.87404                   1
          255.283751             0.66829                   1
          257.264958             0.69504                   1
          275.204525             0.73895                   1
          289.150623             0.85632                   1
          305.062207             0.72831                   1
          321.005080             0.93697                   1
