            8.028053             0.51663                   1
           19.993874             0.51662                   1
           25.976780             0.51662                   1
           27.959988             0.51661                   1
           49.908410             0.51663                   1
           61.874230             0.51662                   1
           71.823518             0.51663                   1
           81.806147             0.51662                   1
          119.670124             0.51662                   1
          147.568139             0.51665                   1
          155.534237             0.51663                   1
          165.500200             0.51663                   1
          183.448922             0.51662                   1
          185.432106             0.51663                   1
          207.363907             0.51659                   1
          209.347075             0.51664                   1
          215.329994             0.51663                   1
          253.227303             0.51662                   1
          273.159222             0.51663                   1
          289.074746             0.51663                   1
          309.023337             0.51663                   1
          318.989297             0.51663                   1
          324.938873             0.51665                   1
