           39.942454             0.51662                   1
           87.789054             0.51663                   1
           93.738619             0.51664                   1
           95.721823             0.51664                   1
          101.704722             0.51662                   1
          127.636221             0.51663                   1
          139.602040             0.51662                   1
          159.517292             0.51664                   1
          177.466002             0.51663                   1
          193.398205             0.51664                   1
          211.346945             0.51662                   1
          219.313043             0.51663                   1
          259.193542             0.51663                   1
          267.176313             0.51663                   1
          297.057515             0.51664                   1
          299.040713             0.51663                   1
          307.040148             0.51662                   1
          317.006106             0.51662                   1
          320.972490             0.51663                   1
          338.887884             0.51663                   1
