           12.027765             0.49996                   1
           16.010819             0.51662                   1
           47.925219             0.51663                   1
           63.857416             0.51663                   1
           69.840330             0.51662                   1
           89.772255             0.51662                   1
           91.755426             0.51664                   1
          113.703874             0.49997                   1
          123.653173             0.51662                   1
          143.585087             0.51663                   1
          153.551049             0.51662                   1
          167.483390             0.51663                   1
          191.415018             0.51663                   1
          195.381399             0.51664                   1
          241.261489             0.51662                   1
          249.244255             0.51662                   1
          257.210353             0.51663                   1
          277.125604             0.51663                   1
          322.955680             0.51663                   1
          328.921912             0.51664                   1
          336.904692             0.51663                   1
