           39.942454             0.99280                   1
           87.789054             0.96936                   1
           93.738619             0.98767                   1
           95.721823             0.71644                   1
          101.704722             0.86945                   1
          127.636221             0.77751                   1
          139.602040             1.13144                   1
          159.517292             0.94385                   1
          177.466002             0.82681                   1
          193.398205             0.77434                   1
          211.346945             0.65727                   1
          219.313043             0.72303                   1
          259.193542             0.80985                   1
          267.176313             0.97892                   1
          297.057515             1.18517                   1
          299.040713             0.57801                   1
          307.040148             0.97039                   1
          317.006106             0.94831                   1
          320.972490             0.73383                   1
          338.887884             0.97013                   1
