           10.017984             0.51475                   1
           23.964203             0.51483                   1
           45.898354             0.51479                   1
           55.882342             0.52960                   1
           57.878293             0.51484                   1
           65.865466             0.51476                   1
          105.769825             0.51479                   1
          109.732157             0.51485                   1
          121.682281             0.52980                   1
          129.668763             0.51482                   1
          147.608573             0.51479                   1
          153.598901             0.51484                   1
          155.580095             0.51488                   1
          177.482336             0.51527                   1
          201.396906             0.51475                   1
          217.324388             0.51472                   1
          241.254453             0.51477                   1
          273.171738             0.51483                   1
          293.108342             0.51477                   1
          297.070704             0.51483                   1
          307.038972             0.51482                   1
          322.982036             0.51481                   1
          326.959943             0.51482                   1
          334.947185             0.51466                   1
