           27.957813             0.51483                   1
           83.821311             0.51501                   1
           93.805425             0.52969                   1
          103.788627             0.51484                   1
          137.640373             0.51474                   1
          141.633870             0.51478                   1
          157.561280             0.51480                   1
          165.517255             0.51477                   1
          181.460265             0.51479                   1
          187.436044             0.52940                   1
          191.412995             0.51475                   1
          211.349571             0.51479                   1
          215.328291             0.52965                   1
          229.304951             0.51476                   1
          235.295318             0.51483                   1
          239.273319             0.51473                   1
          247.244818             0.51480                   1
          261.191042             0.51478                   1
          277.149748             0.51473                   1
          281.112861             0.52960                   1
          295.089503             0.51481                   1
          311.032569             0.51479                   1
          316.991696             0.51472                   1
