           45.907064             0.51481                   1
           57.872068             0.51484                   1
           67.840301             0.51484                   1
           83.767674             0.51483                   1
           99.710680             0.51477                   1
          125.590613             0.51478                   1
          129.568815             0.51541                   1
          137.555656             0.51468                   1
          165.494747             0.51473                   1
          207.395618             0.51478                   1
          267.236323             0.51473                   1
          291.135087             0.51485                   1
          293.116282             0.51481                   1
          299.076302             0.52949                   1
          309.059227             0.51481                   1
          315.018365             0.51475                   1
          322.989775             0.51483                   1
          338.963945             0.51473                   1
          340.945039             0.51492                   1
