            8.031079             0.51494                   1
           16.002381             0.51474                   1
           17.984390             0.52950                   1
           31.945323             0.51482                   1
           39.932480             0.51467                   1
           43.910382             0.51468                   1
           47.888284             0.51481                   1
           77.808615             0.51473                   1
           85.748822             0.51476                   1
          103.704171             0.51472                   1
          115.637968             0.51475                   1
          121.628338             0.51470                   1
          157.507708             0.51499                   1
          167.476475             0.52979                   1
          233.338069             0.51540                   1
          255.286958             0.51471                   1
          257.268031             0.51476                   1
          275.207797             0.51474                   1
          289.138377             0.51492                   1
          305.065694             0.51479                   1
          321.008669             0.51480                   1
          332.973664             0.51475                   1
