           14.021210             0.51474                   1
           23.973823             0.51477                   1
           29.964196             0.51467                   1
           61.849996             0.51480                   1
           79.789726             0.51475                   1
           89.726839             0.51476                   1
          111.675603             0.51487                   1
          113.656848             0.51474                   1
          123.609445             0.51478                   1
          145.542687             0.51475                   1
          179.472176             0.51477                   1
          185.446848             0.51471                   1
          191.421528             0.51473                   1
          195.399548             0.51544                   1
          219.376294             0.51471                   1
          225.366602             0.51472                   1
          241.309549             0.51478                   1
          251.293378             0.51479                   1
          259.249204             0.51485                   1
          273.226653             0.51469                   1
          279.185701             0.51477                   1
          295.097468             0.51476                   1
          313.037168             0.51473                   1
