           10.010741             0.50893                   1
           23.965478             0.67384                   1
           45.920117             0.62266                   1
           55.904963             1.12558                   1
           57.889912             0.93260                   1
           65.874807             0.81146                   1
          105.799068             0.84628                   1
          109.774041             0.52013                   1
          121.728860             0.70000                   1
          129.728702             0.68400                   1
          147.668376             0.87187                   1
          153.653335             1.15076                   1
          155.653346             0.77471                   1
          201.522597             0.60030                   1
          217.452226             0.64625                   1
          241.391833             0.81805                   1
          273.316329             0.70874                   1
          293.275956             0.95659                   1
          297.245968             0.72258                   1
          307.215755             0.80849                   1
          323.175557             1.41628                   1
          327.160444             0.59134                   1
          335.145316             0.63025                   1
