           27.950340             0.52001                   1
           83.859537             0.50497                   1
           93.844255             0.50497                   1
          103.814145             0.50497                   1
          137.698595             0.50499                   1
          141.683526             0.51996                   1
          157.628256             0.51998                   1
          165.613183             0.51990                   1
          181.567891             0.50495                   1
          187.552752             0.52003                   1
          191.527750             0.51994                   1
          211.482339             0.50502                   1
          215.467305             0.50491                   1
          229.437014             0.52004                   1
          235.421939             0.51995                   1
          239.406884             0.52002                   1
          247.391760             0.50501                   1
          255.376644             0.50494                   1
          261.346514             0.50997                   1
          277.306293             0.51998                   1
          281.276196             0.51999                   1
          295.260916             0.50502                   1
          311.200728             0.51989                   1
          317.175594             0.52001                   1
