           27.950340             0.77690                   1
           83.859537             0.80231                   1
           93.844255             0.90535                   1
          103.814145             0.79919                   1
          137.698595             0.93793                   1
          141.683526             0.68886                   1
          157.628256             0.72774                   1
          165.613183             1.23061                   1
          181.567891             0.60350                   1
          187.552752             0.57848                   1
          191.527750             0.59537                   1
          211.482339             0.81631                   1
          215.467305             0.87924                   1
          229.437014             0.80514                   1
          235.421939             0.74009                   1
          239.406884             0.69906                   1
          247.391760             0.60998                   1
          255.376644             0.64088                   1
          261.346514             0.82286                   1
          277.306293             0.79868                   1
          281.276196             0.95668                   1
          295.260916             1.42760                   1
          311.200728             0.83936                   1
          317.175594             0.72845                   1
