            8.020765             0.50999                   1
           13.995611             0.50506                   1
           21.980525             0.51996                   1
           35.935231             0.52007                   1
           37.935425             0.50482                   1
           71.859736             0.51994                   1
           97.829281             0.50493                   1
          107.784024             0.51001                   1
          117.743919             0.51996                   1
          131.713663             0.50500                   1
          159.613183             0.52001                   1
          163.613148             0.50504                   1
          167.597988             0.52011                   1
          179.582883             0.50501                   1
          189.537650             0.51004                   1
          205.497431             0.51997                   1
          209.482364             0.52000                   1
          257.361576             0.51003                   1
          265.336463             0.50491                   1
          279.291191             0.52001                   1
          303.230848             0.51999                   1
          313.190673             0.51991                   1
          337.130238             0.52004                   1
