            8.020765             0.89898                   1
           13.995611             0.65993                   1
           21.980525             0.67488                   1
           35.935231             0.91183                   1
           37.935425             0.70358                   1
           71.859736             0.66642                   1
           97.829281             1.44024                   1
          107.784024             0.68525                   1
          117.743919             0.86907                   1
          131.713663             0.80298                   1
          159.613183             0.62275                   1
          163.613148             0.71869                   1
          167.597988             1.00577                   1
          179.582883             0.83653                   1
          189.537650             0.68151                   1
          205.497431             0.79337                   1
          209.482364             0.85631                   1
          257.361576             0.80791                   1
          265.336463             1.00882                   1
          279.291191             0.82976                   1
          303.230848             0.76947                   1
          313.190673             0.63345                   1
          337.130238             0.67726                   1
