           27.974245             0.50489                   1
           83.867945             0.50496                   1
           93.847672             0.51001                   1
          103.817539             0.51995                   1
          137.711681             0.50497                   1
          141.696716             0.50488                   1
          157.636285             0.52001                   1
          165.606093             0.50495                   1
          181.545744             0.52002                   1
          187.540613             0.50493                   1
          191.510510             0.50998                   1
          211.465068             0.50489                   1
          215.449994             0.50491                   1
          229.414634             0.51999                   1
          235.414568             0.50488                   1
          239.399447             0.50488                   1
          247.369287             0.50497                   1
          255.349035             0.52003                   1
          261.333964             0.50494                   1
          277.288709             0.51991                   1
          281.258460             0.51998                   1
          295.238143             0.52002                   1
          311.192853             0.50498                   1
          317.162646             0.50493                   1
