           27.974245             0.48887                   1
           83.867945             0.71343                   1
           93.847672             0.60541                   1
          103.817539             0.52319                   1
          137.711681             0.49197                   1
          141.696716             0.50685                   1
          157.636285             0.57479                   1
          165.606093             0.58871                   1
          181.545744             0.61657                   1
          187.540613             0.46952                   1
          191.510510             0.42753                   1
          211.465068             0.64830                   1
          215.449994             1.09529                   1
          229.414634             0.70621                   1
          235.414568             0.74606                   1
          239.399447             1.10513                   1
          247.369287             0.52703                   1
          255.349035             0.67499                   1
          261.333964             0.59391                   1
          277.288709             0.52005                   1
          281.258460             0.55683                   1
          295.238143             0.67271                   1
          311.192853             0.55753                   1
          317.162646             0.48354                   1
