            8.034620             0.50497                   1
           14.004421             0.51007                   1
           21.989274             0.52000                   1
           35.954084             0.50987                   1
           71.873186             0.52001                   1
           97.832619             0.51999                   1
          107.792386             0.51996                   1
          111.777371             0.50484                   1
          117.757182             0.50996                   1
          131.726900             0.50485                   1
          159.631261             0.50994                   1
          163.616103             0.51010                   1
          167.590925             0.50507                   1
          179.570747             0.50502                   1
          189.525614             0.50497                   1
          205.480198             0.51996                   1
          209.475171             0.50992                   1
          257.349066             0.50497                   1
          303.208099             0.51988                   1
          313.177722             0.50494                   1
          337.112307             0.50489                   1
