            8.034620             0.66110                   1
           14.004421             0.57910                   1
           21.989274             0.55403                   1
           35.954084             0.62078                   1
           71.873186             0.55654                   1
           97.832619             0.69232                   1
          107.792386             0.57223                   1
          111.777371             0.51510                   1
          117.757182             1.08716                   1
          131.726900             0.58098                   1
          159.631261             0.46774                   1
          163.616103             0.61875                   1
          167.590925             1.05986                   1
          179.570747             0.61564                   1
          189.525614             0.64446                   1
          205.480198             0.60136                   1
          209.475171             0.60628                   1
          257.349066             0.63500                   1
          303.208099             0.62252                   1
          313.177722             0.59657                   1
          337.112307             0.68525                   1
