           10.019559             0.51004                   1
           23.974275             0.52001                   1
           45.923740             0.52002                   1
           65.888320             0.52005                   1
          105.817450             0.50495                   1
          109.787386             0.50999                   1
          121.742064             0.52003                   1
          129.726901             0.51996                   1
          153.661330             0.51991                   1
          155.661359             0.50494                   1
          177.570825             0.51992                   1
          201.495293             0.52009                   1
          217.434885             0.50502                   1
          241.384459             0.50490                   1
          273.303650             0.52003                   1
          293.253200             0.50498                   1
          297.223148             0.50996                   1
          307.192889             0.51991                   1
          323.147513             0.51996                   1
          327.132441             0.52005                   1
          335.127241             0.50500                   1
