           45.866042             0.51663                   1
           57.848433             0.51662                   1
           67.814303             0.51662                   1
           81.746520             0.51662                   1
           83.729692             0.51663                   1
           99.678426             0.51662                   1
          125.543014             0.51663                   1
          129.526032             0.51663                   1
          137.508730             0.51663                   1
          149.491112             0.51662                   1
          165.456506             0.51662                   1
          207.336500             0.51662                   1
          235.267587             0.51662                   1
          267.181718             0.51662                   1
          281.113935             0.51662                   1
          285.096953             0.51663                   1
          291.063143             0.51662                   1
          293.046317             0.51662                   1
          299.012512             0.51662                   1
          308.978382             0.51662                   1
          322.910588             0.51663                   1
          338.875988             0.51663                   1
          340.859157             0.51664                   1
