           45.866042             0.93269                   1
           57.848433             0.77398                   1
           67.814303             1.04781                   1
           81.746520             1.24325                   1
           83.729692             0.99602                   1
           99.678426             1.08687                   1
          125.543014             0.98161                   1
          129.526032             1.17449                   1
          137.508730             1.02354                   1
          149.491112             0.84087                   1
          165.456506             0.81907                   1
          207.336500             1.03396                   1
          235.267587             0.82215                   1
          267.181718             1.03515                   1
          281.113935             1.13457                   1
          285.096953             0.78351                   1
          291.063143             0.92914                   1
          293.046317             0.91391                   1
          299.012512             0.86755                   1
          308.978382             0.85342                   1
          322.910588             1.16082                   1
          338.875988             0.87503                   1
          340.859157             0.96384                   1
