           14.001935             0.84562                   1
           23.951146             0.92017                   1
           29.934015             1.05712                   1
           61.831467             1.01482                   1
           79.763345             0.88246                   1
           89.695890             0.91769                   1
          111.627461             0.92151                   1
          113.610632             1.03433                   1
          123.559847             1.03680                   1
          179.422053             0.90916                   1
          185.404907             1.32614                   1
          189.387918             0.82302                   1
          191.371099             0.87979                   1
          195.354119             0.92066                   1
          219.318874             0.85928                   1
          225.301720             0.86823                   1
          241.250447             1.00717                   1
          259.199019             1.01808                   1
          273.164572             0.84414                   1
          279.130762             0.94180                   1
          312.961394             1.46226                   1
