           14.001935             0.51662                   1
           23.951146             0.51662                   1
           29.934015             0.51661                   1
           61.831467             0.51660                   1
           79.763345             0.51662                   1
           89.695890             0.51662                   1
          111.627461             0.51663                   1
          113.610632             0.51663                   1
          123.559847             0.51662                   1
          179.422053             0.51662                   1
          185.404907             0.51662                   1
          189.387918             0.51663                   1
          191.371099             0.51662                   1
          195.354119             0.51662                   1
          219.318874             0.51662                   1
          225.301720             0.51663                   1
          241.250447             0.51663                   1
          259.199019             0.51664                   1
          273.164572             0.51662                   1
          279.130762             0.51662                   1
          312.961394             0.51662                   1
