            8.019079             0.51662                   1
           15.985105             0.51664                   1
           17.968288             0.51661                   1
           31.917155             0.51663                   1
           39.899860             0.51662                   1
           43.882870             0.51663                   1
           47.849226             0.51662                   1
           69.797475             0.51662                   1
           77.780175             0.51662                   1
           85.712869             0.51662                   1
          103.661438             0.51662                   1
          107.644455             0.51662                   1
          115.593814             0.51663                   1
          121.576674             0.51662                   1
          167.439679             0.51664                   1
          233.284424             0.51662                   1
          255.215999             0.51663                   1
          257.215848             0.51662                   1
          275.147745             0.51662                   1
          289.079969             0.51662                   1
          304.995365             0.51663                   1
          320.927453             0.51659                   1
          332.893143             0.51661                   1
