            8.019079             0.98062                   1
           15.985105             0.79844                   1
           17.968288             0.81517                   1
           31.917155             1.37793                   1
           39.899860             0.88307                   1
           43.882870             0.81191                   1
           47.849226             0.83744                   1
           69.797475             1.09663                   1
           77.780175             0.80169                   1
           85.712869             1.12479                   1
          103.661438             0.97577                   1
          107.644455             0.92864                   1
          115.593814             0.97910                   1
          121.576674             1.26803                   1
          167.439679             1.37983                   1
          233.284424             0.86937                   1
          255.215999             0.90522                   1
          257.215848             1.01728                   1
          275.147745             0.87694                   1
          289.079969             0.81638                   1
          304.995365             1.16451                   1
          320.927453             0.82403                   1
          332.893143             1.05805                   1
