            8.032629             1.26313                   1
           17.985921             0.50960                   1
           31.962394             0.97273                   1
           53.911239             1.03136                   1
           63.863890             1.06247                   1
           65.860673             0.60157                   1
           67.841834             0.58835                   1
          127.651312             0.99346                   1
          139.616725             0.89970                   1
          179.520317             0.77912                   1
          185.479513             0.73976                   1
          209.393864             0.90481                   1
          219.362144             0.71230                   1
          223.340067             0.77424                   1
          247.270162             0.81956                   1
          261.201264             0.80811                   1
          267.175406             0.63385                   1
          275.146837             0.80625                   1
          301.089225             0.79918                   1
          305.067169             0.89313                   1
          309.045198             0.71505                   1
          319.029085             1.30683                   1
          323.006947             0.58489                   1
          340.946611             0.77277                   1
