           16.003834             0.66771                   1
           73.816709             1.03740                   1
           79.806837             1.09509                   1
           91.771819             0.59381                   1
           93.768602             0.54095                   1
          103.736894             0.51502                   1
          121.692111             1.01676                   1
          123.673321             0.77152                   1
          155.574810             0.70924                   1
          163.561885             0.82593                   1
          167.539818             0.84792                   1
          191.454246             0.59690                   1
          193.435391             0.52770                   1
          195.416586             0.66641                   1
          197.413353             0.58962                   1
          215.384289             0.68224                   1
          225.336855             0.69741                   1
          249.251317             0.75836                   1
          257.222790             0.62672                   1
          263.197475             0.54794                   1
          287.127461             0.92928                   1
          289.108946             0.84379                   1
          330.993968             0.91770                   1
          334.956310             0.63526                   1
