           14.022712             1.22490                   1
           23.975377             0.69599                   1
           41.946263             0.91661                   1
           45.924406             0.77840                   1
           55.908004             0.63451                   1
           57.889193             0.57331                   1
           85.797138             0.75264                   1
          101.740066             0.96131                   1
          105.718034             0.82325                   1
          109.695917             0.72528                   1
          131.644732             0.67990                   1
          147.603266             1.03299                   1
          153.593655             0.88246                   1
          175.526852             1.25269                   1
          229.314819             1.27937                   1
          231.295914             0.96221                   1
          255.241586             1.19191                   1
          271.168916             1.29619                   1
          299.108090             1.07633                   1
          307.048328             0.83197                   1
          332.975106             1.10450                   1
