            8.032629             0.51497                   1
           17.985921             0.52952                   1
           31.962394             0.51487                   1
           53.911239             0.51474                   1
           63.863890             0.51474                   1
           65.860673             0.51472                   1
           67.841834             0.51479                   1
          127.651312             0.51473                   1
          139.616725             0.51542                   1
          179.520317             0.51488                   1
          185.479513             0.51479                   1
          209.393864             0.51486                   1
          219.362144             0.51479                   1
          223.340067             0.51503                   1
          247.270162             0.51472                   1
          261.201264             0.52987                   1
          267.175406             0.51478                   1
          275.146837             0.51484                   1
          301.089225             0.51475                   1
          305.067169             0.51479                   1
          309.045198             0.51470                   1
          319.029085             0.51466                   1
          323.006947             0.51471                   1
          340.946611             0.51472                   1
