           16.003834             0.51480                   1
           73.816709             0.51551                   1
           79.806837             0.51471                   1
           91.771819             0.51474                   1
           93.768602             0.51474                   1
          103.736894             0.51476                   1
          121.692111             0.51481                   1
          123.673321             0.51474                   1
          155.574810             0.51475                   1
          163.561885             0.51466                   1
          167.539818             0.51536                   1
          191.454246             0.51481                   1
          193.435391             0.51479                   1
          195.416586             0.51543                   1
          197.413353             0.51480                   1
          215.384289             0.51468                   1
          225.336855             0.51481                   1
          249.251317             0.51478                   1
          257.222790             0.51481                   1
          263.197475             0.51483                   1
          287.127461             0.51478                   1
          289.108946             0.51536                   1
          330.993968             0.51478                   1
          334.956310             0.51475                   1
