            8.024520             1.12730                   1
           19.990342             1.05726                   1
           25.973245             0.99427                   1
           27.956456             1.07503                   1
           49.904871             1.12628                   1
           61.870714             0.98416                   1
           71.819989             1.12272                   1
           81.802616             0.97988                   1
          119.666581             1.06728                   1
          131.615748             1.03790                   1
          147.564604             1.18476                   1
          155.530710             1.14649                   1
          165.496674             1.22036                   1
          183.445398             1.16729                   1
          185.428577             1.05610                   1
          207.360369             1.13993                   1
          209.360222             1.12404                   1
          215.326465             1.01369                   1
          253.223775             0.94770                   1
          273.155694             1.22343                   1
          289.071217             1.09163                   1
          309.019800             1.11871                   1
          318.985776             1.00058                   1
          324.935346             1.07488                   1
