           39.938917             0.51659                   1
           87.785521             0.51662                   1
           93.735089             0.51664                   1
           95.718278             0.51662                   1
          101.701195             0.51663                   1
          115.683529             0.51664                   1
          127.632690             0.51663                   1
          139.598511             0.51662                   1
          159.513754             0.51663                   1
          177.462485             0.51663                   1
          193.394677             0.51664                   1
          211.343403             0.51664                   1
          219.309516             0.51662                   1
          259.190027             0.51662                   1
          267.172787             0.51664                   1
          275.138883             0.51663                   1
          283.104979             0.51660                   1
          285.088170             0.51663                   1
          297.053989             0.51662                   1
          299.037183             0.51663                   1
          307.036617             0.49996                   1
          317.002574             0.51663                   1
          320.968964             0.51663                   1
          338.884352             0.51662                   1
