            8.024520             0.51662                   1
           19.990342             0.51661                   1
           25.973245             0.51662                   1
           27.956456             0.51660                   1
           49.904871             0.51663                   1
           61.870714             0.51661                   1
           71.819989             0.51662                   1
           81.802616             0.51662                   1
          119.666581             0.51664                   1
          131.615748             0.51662                   1
          147.564604             0.51664                   1
          155.530710             0.51663                   1
          165.496674             0.51659                   1
          183.445398             0.51662                   1
          185.428577             0.51663                   1
          207.360369             0.51663                   1
          209.360222             0.49996                   1
          215.326465             0.51663                   1
          253.223775             0.51662                   1
          273.155694             0.51662                   1
          289.071217             0.51664                   1
          309.019800             0.51663                   1
          318.985776             0.51662                   1
          324.935346             0.51662                   1
