           12.024232             0.49996                   1
           16.007285             0.51662                   1
           47.921688             0.51662                   1
           51.888069             0.51663                   1
           63.853876             0.51664                   1
           69.836808             0.51658                   1
           89.768702             0.51663                   1
           91.751994             0.51655                   1
          113.700350             0.49996                   1
          123.649643             0.51661                   1
          143.581579             0.51661                   1
          167.479866             0.51662                   1
          191.411504             0.51661                   1
          195.377871             0.51663                   1
          229.292143             0.51664                   1
          235.275050             0.51663                   1
          241.257960             0.51663                   1
          249.240725             0.51662                   1
          257.206825             0.51661                   1
          277.122066             0.51664                   1
          322.952168             0.51660                   1
          328.918402             0.51662                   1
          336.901169             0.51662                   1
