           39.938917             1.17232                   1
           87.785521             1.14087                   1
           93.735089             1.11120                   1
           95.718278             1.20799                   1
          101.701195             1.31296                   1
          115.683529             1.09835                   1
          127.632690             1.16501                   1
          139.598511             0.99898                   1
          159.513754             1.16339                   1
          177.462485             1.49434                   1
          193.394677             1.12988                   1
          211.343403             1.12481                   1
          219.309516             1.11856                   1
          259.190027             1.06937                   1
          267.172787             1.34245                   1
          275.138883             1.15220                   1
          283.104979             1.08999                   1
          285.088170             1.05076                   1
          297.053989             1.12475                   1
          299.037183             1.15753                   1
          307.036617             1.16592                   1
          317.002574             0.99980                   1
          320.968964             0.97739                   1
          338.884352             1.14163                   1
