           12.024232             1.23151                   1
           16.007285             1.10438                   1
           47.921688             1.02943                   1
           51.888069             1.07897                   1
           63.853876             1.15293                   1
           69.836808             0.88991                   1
           89.768702             1.09369                   1
           91.751994             1.01434                   1
          113.700350             1.13760                   1
          123.649643             1.15611                   1
          143.581579             1.06385                   1
          167.479866             1.17311                   1
          191.411504             1.32105                   1
          195.377871             1.08265                   1
          229.292143             1.19179                   1
          235.275050             1.05678                   1
          241.257960             1.15376                   1
          249.240725             0.87486                   1
          257.206825             0.92459                   1
          277.122066             1.18500                   1
          322.952168             1.02613                   1
          328.918402             0.99581                   1
          336.901169             0.99688                   1
