           57.863337             0.51480                   1
           67.831477             0.51476                   1
           81.777575             0.51476                   1
           83.758763             0.51476                   1
           99.717200             0.51479                   1
          129.574948             0.51477                   1
          137.561947             0.51481                   1
          149.526881             0.51483                   1
          165.500947             0.51473                   1
          235.324966             0.51481                   1
          267.241930             0.51473                   1
          281.187946             0.51481                   1
          285.165879             0.51484                   1
          291.140565             0.51474                   1
          293.121725             0.51475                   1
          299.096387             0.51478                   1
          309.064534             0.51477                   1
          315.024592             0.52938                   1
          322.995038             0.51475                   1
          338.969105             0.51475                   1
          340.950184             0.51484                   1
