           15.993824             0.51478                   1
           31.936717             0.51472                   1
           39.923745             0.51471                   1
           47.879522             0.51484                   1
           69.812663             0.51481                   1
           77.799674             0.51478                   1
           85.739892             0.51482                   1
          103.695096             0.51485                   1
          107.673049             0.51518                   1
          115.628892             0.51474                   1
          121.619104             0.51477                   1
          167.482059             0.51484                   1
          233.343887             0.51473                   1
          255.292541             0.51482                   1
          257.273726             0.51476                   1
          275.213382             0.51469                   1
          289.144557             0.52967                   1
          305.071021             0.51478                   1
          332.979380             0.51523                   1
