           15.993824             0.74964                   1
           31.936717             0.95828                   1
           39.923745             1.13097                   1
           47.879522             0.72691                   1
           69.812663             1.06512                   1
           77.799674             0.88587                   1
           85.739892             0.68144                   1
          103.695096             1.26167                   1
          107.673049             0.74755                   1
          115.628892             0.65545                   1
          121.619104             0.64105                   1
          167.482059             1.06471                   1
          233.343887             0.68080                   1
          255.292541             0.67557                   1
          257.273726             0.63829                   1
          275.213382             0.75410                   1
          289.144557             0.92643                   1
          305.071021             0.86353                   1
          332.979380             1.21825                   1
