           14.012752             0.51471                   1
           23.965249             0.51480                   1
           29.955639             0.51464                   1
           61.841249             0.51477                   1
           89.718518             0.52966                   1
          111.666524             0.51474                   1
          113.647689             0.51474                   1
          123.600235             0.51482                   1
          179.462618             0.51483                   1
          185.452825             0.51485                   1
          191.427570             0.51484                   1
          219.382113             0.51482                   1
          225.356797             0.51480                   1
          241.315248             0.51486                   1
          251.299043             0.51478                   1
          259.254886             0.51468                   1
          273.232160             0.51486                   1
          279.191210             0.51473                   1
          295.102839             0.51484                   1
          313.042434             0.51481                   1
