            8.022567             0.51478                   1
           17.990615             0.51475                   1
           43.901640             0.51472                   1
          157.513929             0.51480                   1
          321.013894             0.51471                   1
           45.898438             0.51473                   1
          207.386000             0.51476                   1
           79.780842             0.51478                   1
          145.549019             0.51478                   1
          189.430819             0.51485                   1
          195.405466             0.51479                   1
