           23.991320             0.52006                   1
           33.957223             0.49791                   1
           41.939944             0.52305                   1
           47.906146             0.53270                   1
           93.752610             0.50916                   1
          115.684253             0.68899                   1
          125.650155             0.47488                   1
          149.581641             0.63882                   1
          159.547542             0.48070                   1
          163.530562             0.62556                   1
          173.979801             0.43213                   1
          213.843366             0.67959                   1
          221.809381             0.50538                   1
          241.741213             0.39711                   1
          285.604502             0.52478                   1
          293.553893             0.47921                   1
          313.502352             0.45829                   1
          315.485518             0.53909                   1
          321.468406             0.66003                   1
