           10.009047             0.46271                   1
           43.923082             0.64386                   1
           65.854765             0.58369                   1
           67.837941             0.38441                   1
           85.786561             0.31537                   1
           91.769439             0.56440                   1
          113.701066             0.69627                   1
          117.684098             0.52112                   1
          131.633030             0.58786                   1
          157.564364             0.75191                   1
          165.513750             0.44238                   1
          167.996955             0.43911                   1
          177.962784             0.47303                   1
          181.945814             0.39388                   1
          189.928538             0.47502                   1
          197.894593             0.50075                   1
          203.860797             0.42239                   1
          231.775315             0.49123                   1
          245.707572             0.55864                   1
          259.656503             0.76140                   1
          261.639675             0.64215                   1
          271.638905             0.52271                   1
          289.570858             0.51835                   1
          325.434766             0.62957                   1
