           19.956546             0.51661                   1
           23.939538             0.51661                   1
           39.888099             0.51662                   1
           47.870767             0.51659                   1
           71.818613             0.51661                   1
           89.717023             0.51662                   1
           91.700184             0.51662                   1
           95.666510             0.51661                   1
          101.649307             0.51661                   1
          125.530499             0.51664                   1
          157.444360             0.51662                   1
          177.375930             0.51661                   1
          197.290822             0.51662                   1
          199.273972             0.51663                   1
          203.256960             0.51662                   1
          219.222221             0.51661                   1
          243.153440             0.51662                   1
          259.102021             0.51661                   1
          281.033403             0.51663                   1
          296.998666             0.49995                   1
          307.164431             0.51662                   1
          313.147231             0.51661                   1
          329.112490             0.51661                   1
