            8.024270             0.51662                   1
           11.990582             0.51662                   1
           31.922141             0.51661                   1
           45.887581             0.51661                   1
           57.853188             0.51660                   1
           69.835461             0.51661                   1
           87.733868             0.51661                   1
          105.632284             0.51662                   1
          107.615440             0.51661                   1
          111.598413             0.51661                   1
          113.581589             0.51660                   1
          119.547711             0.51662                   1
          123.547375             0.51661                   1
          139.479280             0.51662                   1
          149.461735             0.51661                   1
          159.427514             0.51662                   1
          183.342049             0.51663                   1
          205.240122             0.51665                   1
          213.239417             0.51662                   1
          227.204846             0.51662                   1
          255.119043             0.51661                   1
          292.999009             0.51661                   1
          299.198518             0.51657                   1
          303.181451             0.51662                   1
