           19.956546             0.97872                   1
           23.939538             0.93957                   1
           39.888099             1.02247                   1
           47.870767             0.84752                   1
           71.818613             1.01083                   1
           89.717023             0.91177                   1
           91.700184             1.01655                   1
           95.666510             0.80213                   1
          101.649307             0.99507                   1
          125.530499             0.79306                   1
          157.444360             0.92605                   1
          177.375930             1.10580                   1
          197.290822             1.01419                   1
          199.273972             0.83897                   1
          203.256960             0.99987                   1
          219.222221             0.96205                   1
          243.153440             0.90995                   1
          259.102021             0.46083                   1
          281.033403             0.86072                   1
          296.998666             0.41486                   1
          307.164431             0.89674                   1
          313.147231             0.95369                   1
          329.112490             0.46792                   1
