            8.024270             0.84740                   1
           11.990582             0.70497                   1
           31.922141             1.04467                   1
           45.887581             0.94277                   1
           57.853188             0.97672                   1
           69.835461             0.95403                   1
           87.733868             0.92701                   1
          105.632284             0.99596                   1
          107.615440             0.91671                   1
          111.598413             0.89361                   1
          113.581589             0.95839                   1
          119.547711             0.55204                   1
          123.547375             0.50422                   1
          139.479280             0.93977                   1
          149.461735             0.85297                   1
          159.427514             0.99083                   1
          183.342049             1.07547                   1
          205.240122             0.44862                   1
          213.239417             1.18505                   1
          227.204846             1.00313                   1
          255.119043             1.08796                   1
          292.999009             1.03067                   1
          299.198518             0.88693                   1
          303.181451             1.04785                   1
