           10.007442             0.80017                   1
           13.973746             0.64977                   1
           37.904948             0.97369                   1
           73.801770             0.68361                   1
           79.784577             0.90057                   1
           83.767559             0.92546                   1
           85.750719             0.97423                   1
           93.683340             0.71333                   1
          115.564740             0.94315                   1
          127.513675             0.79382                   1
          137.496138             0.99500                   1
          167.410144             0.86394                   1
          169.393315             0.94470                   1
          181.358906             0.94668                   1
          193.307839             1.03733                   1
          233.187649             1.01210                   1
          241.170276             0.98920                   1
          249.136238             0.97498                   1
          261.085175             0.92160                   1
          267.067982             0.94659                   1
          277.050432             0.90782                   1
          289.016030             0.92580                   1
          317.130211             0.94662                   1
          341.094763             1.06921                   1
