           16.008510             0.51478                   1
           65.849409             0.51482                   1
           71.808466             0.51478                   1
           75.786344             0.51482                   1
           87.766967             0.51474                   1
           97.735158             0.51475                   1
          117.655886             0.51475                   1
          137.592218             0.51485                   1
          145.579270             0.51480                   1
          147.560911             0.52984                   1
          153.550656             0.51474                   1
          163.518820             0.51481                   1
          173.471348             0.51483                   1
          195.404571             0.51479                   1
          207.353849             0.51479                   1
          217.306467             0.51475                   1
          229.271410             0.51477                   1
          239.224635             0.52969                   1
          249.223357             0.51473                   1
          271.125277             0.51470                   1
          279.112294             0.51479                   1
          287.083717             0.51479                   1
          295.055140             0.51484                   1
          314.991490             0.51481                   1
