           16.008510             0.65499                   1
           65.849409             0.64450                   1
           71.808466             0.61326                   1
           75.786344             0.59530                   1
           87.766967             1.04622                   1
           97.735158             0.79774                   1
          117.655886             0.73242                   1
          137.592218             0.78742                   1
          145.579270             0.68012                   1
          147.560911             0.72245                   1
          153.550656             0.74052                   1
          163.518820             0.82006                   1
          173.471348             0.85120                   1
          195.404571             0.80528                   1
          207.353849             0.71965                   1
          217.306467             0.61480                   1
          229.271410             0.66545                   1
          239.224635             0.74389                   1
          249.223357             0.77686                   1
          271.125277             0.77828                   1
          279.112294             0.71107                   1
          287.083717             0.80335                   1
          295.055140             0.90368                   1
          314.991490             0.71071                   1
