           20.002081             0.51469                   1
           31.967002             0.51475                   1
           35.944829             0.51511                   1
           47.925396             0.51474                   1
           59.890356             0.51478                   1
           63.852571             0.51515                   1
           69.827311             0.51482                   1
           89.748097             0.51478                   1
          101.728619             0.51489                   1
          123.630496             0.51483                   1
          167.512400             0.51481                   1
          183.439586             0.51478                   1
          191.411010             0.51481                   1
          197.385724             0.51475                   1
          203.375987             0.51473                   1
          209.335025             0.51480                   1
          215.325285             0.51480                   1
          231.268157             0.51475                   1
          255.182432             0.51473                   1
          263.169404             0.51483                   1
          265.150631             0.51473                   1
          283.090208             0.51475                   1
          301.029795             0.51481                   1
          312.995461             0.52960                   1
