            8.021694             0.74600                   1
           29.985868             0.66114                   1
           45.929198             0.63733                   1
           49.906542             0.57987                   1
           61.871531             0.69449                   1
           73.805219             0.57646                   1
          103.709734             0.72699                   1
          107.687689             0.59689                   1
          115.674703             0.77763                   1
          119.637693             0.60654                   1
          135.611109             0.74464                   1
          155.531812             0.70329                   1
          171.490252             0.79238                   1
          177.464961             0.96949                   1
          189.429870             0.70818                   1
          225.293526             0.72343                   1
          233.249362             0.91934                   1
          251.204492             0.66768                   1
          267.147342             0.62032                   1
          293.058362             0.88450                   1
          307.020070             0.73839                   1
          320.966091             0.95192                   1
          324.959727             0.95017                   1
          336.940191             0.83337                   1
