           20.002081             0.56521                   1
           31.967002             0.59993                   1
           35.944829             0.59000                   1
           47.925396             0.66501                   1
           59.890356             0.65971                   1
           63.852571             0.99340                   1
           69.827311             0.71444                   1
           89.748097             0.64108                   1
          101.728619             0.62017                   1
          123.630496             0.82159                   1
          167.512400             0.65833                   1
          183.439586             0.66667                   1
          191.411010             0.75899                   1
          197.385724             0.63208                   1
          203.375987             1.08163                   1
          209.335025             1.08243                   1
          215.325285             0.75597                   1
          231.268157             0.89260                   1
          255.182432             0.61759                   1
          263.169404             0.87036                   1
          265.150631             0.73707                   1
          283.090208             0.75702                   1
          301.029795             0.79281                   1
          312.995461             0.66680                   1
