            8.017400             0.51660                   1
           29.982123             0.51660                   1
           45.930703             0.51662                   1
           49.897014             0.51662                   1
           61.862622             0.51662                   1
           73.778234             0.51662                   1
          103.692248             0.51662                   1
          107.675233             0.51662                   1
          115.657851             0.51663                   1
          119.624154             0.51663                   1
          135.589419             0.51662                   1
          155.504329             0.51662                   1
          177.419048             0.51662                   1
          189.384665             0.51661                   1
          225.564794             0.51661                   1
          233.514086             0.51662                   1
          251.462509             0.51662                   1
          267.394412             0.51662                   1
          293.325456             0.51662                   1
          307.274224             0.51662                   1
          321.222990             0.51661                   1
          325.205967             0.51662                   1
          337.188241             0.51662                   1
