           16.000019             0.69532                   1
           65.828938             0.90470                   1
           71.795073             0.73835                   1
           75.761374             0.64389                   1
           87.743648             0.93318                   1
           97.709451             0.80704                   1
          117.641008             0.53879                   1
          137.572587             0.60653                   1
          145.555224             0.79957                   1
          153.521174             1.12135                   1
          163.486960             1.25925                   1
          195.367464             1.38560                   1
          207.633048             1.23956                   1
          217.582144             0.80217                   1
          229.547774             0.66008                   1
          239.496891             0.65462                   1
          249.479329             0.58381                   1
          271.377395             0.74902                   1
          279.360021             0.69411                   1
          287.342672             0.81515                   1
          295.308612             0.74498                   1
          315.240165             0.62874                   1
