           19.999666             0.55958                   1
           31.965258             0.82555                   1
           35.948281             0.69038                   1
           47.913858             0.74836                   1
           59.879450             1.11839                   1
           63.845781             0.56788                   1
           69.811919             0.92155                   1
           89.726812             0.57397                   1
          101.692431             0.72794                   1
          123.607148             0.68446                   1
          167.469939             0.79612                   1
          183.401855             0.63167                   1
          191.384486             1.05673                   1
          197.667261             1.24580                   1
          203.650068             0.74271                   1
          209.616204             0.66438                   1
          215.599010             0.87337                   1
          231.530919             0.62086                   1
          255.445478             0.62551                   1
          263.428099             0.68261                   1
          265.411254             0.61939                   1
          283.343012             0.77495                   1
          313.257026             0.65193                   1
