            8.017400             0.72626                   1
           29.982123             0.82478                   1
           45.930703             0.81162                   1
           49.897014             0.80517                   1
           61.862622             0.72711                   1
           73.778234             0.53113                   1
          103.692248             0.78405                   1
          107.675233             0.65693                   1
          115.657851             0.69802                   1
          119.624154             0.67559                   1
          135.589419             0.78974                   1
          155.504329             1.11414                   1
          177.419048             0.54270                   1
          189.384665             0.91261                   1
          225.564794             0.63524                   1
          233.514086             0.70162                   1
          251.462509             1.12058                   1
          267.394412             0.66014                   1
          293.325456             0.80819                   1
          307.274224             0.70693                   1
          321.222990             0.70971                   1
          325.205967             0.75058                   1
          337.188241             0.68787                   1
