           14.006891             0.51488                   1
           21.994102             0.51472                   1
           35.940276             0.51529                   1
           37.937091             0.51477                   1
           71.851130             0.51478                   1
           97.809348             0.51470                   1
          107.762030             0.51472                   1
          111.739980             0.51480                   1
          117.714667             0.51476                   1
          131.676584             0.51478                   1
          163.547025             0.51475                   1
          167.524962             0.51484                   1
          189.442754             0.51473                   1
          205.401388             0.51486                   1
          209.379367             0.51476                   1
          257.224049             0.51480                   1
          265.195601             0.51477                   1
          279.157476             0.51479                   1
          303.071996             0.51480                   1
          313.024667             0.51500                   1
          336.954912             0.51475                   1
