           27.968798             0.51477                   1
           83.847447             0.51482                   1
           93.831290             0.51482                   1
          103.799685             0.51478                   1
          137.651248             0.51480                   1
          141.644845             0.51479                   1
          157.587888             0.51485                   1
          165.528208             0.51525                   1
          181.471301             0.51471                   1
          187.461617             0.51477                   1
          191.423993             0.51476                   1
          211.360455             0.51510                   1
          215.354043             0.51484                   1
          229.315974             0.51475                   1
          235.306357             0.51478                   1
          239.284253             0.51505                   1
          247.255797             0.51476                   1
          255.242916             0.51477                   1
          261.217660             0.51482                   1
          277.176270             0.51476                   1
          281.138616             0.51484                   1
          295.100646             0.51532                   1
          311.043537             0.51477                   1
          317.018235             0.51488                   1
