           10.029015             0.51476                   1
           23.975199             0.51483                   1
           45.924186             0.51479                   1
           55.908105             0.51481                   1
           57.889340             0.51474                   1
           65.876381             0.51479                   1
          105.780794             0.51478                   1
          109.743135             0.51477                   1
          121.708282             0.51469                   1
          129.695388             0.51478                   1
          153.609942             0.51476                   1
          155.591126             0.51475                   1
          177.508886             0.51481                   1
          201.407810             0.51480                   1
          217.335261             0.51483                   1
          241.281032             0.51475                   1
          273.182712             0.51470                   1
          293.119311             0.51480                   1
          297.097301             0.51479                   1
          307.065555             0.51480                   1
          322.993807             0.52959                   1
          326.986603             0.51479                   1
          334.973672             0.51483                   1
