            8.022441             0.51492                   1
           15.993814             0.51479                   1
           17.975758             0.52966                   1
           31.936923             0.51484                   1
           39.924137             0.51476                   1
           47.879954             0.51489                   1
           69.813491             0.51476                   1
           77.800585             0.51483                   1
           85.741016             0.51471                   1
          103.696420             0.51479                   1
          107.674404             0.51479                   1
          115.630370             0.51471                   1
          121.620718             0.51477                   1
          157.500456             0.51478                   1
          233.331540             0.51482                   1
          255.280609             0.51475                   1
          257.261781             0.51476                   1
          275.201703             0.51469                   1
          289.132338             0.51478                   1
          305.059886             0.51477                   1
          321.002890             0.51479                   1
          332.967998             0.51482                   1
