           14.012640             0.51483                   1
           23.965389             0.51476                   1
           29.955768             0.51477                   1
           61.841934             0.51484                   1
           79.781803             0.51475                   1
           89.718975             0.51470                   1
          111.652702             0.51540                   1
          113.649095             0.51482                   1
          123.601913             0.51477                   1
          145.535336             0.51474                   1
          179.465092             0.51482                   1
          185.439858             0.51480                   1
          189.433421             0.51484                   1
          191.414693             0.51471                   1
          195.392560             0.51481                   1
          219.369689             0.51475                   1
          225.345107             0.52971                   1
          241.303076             0.51478                   1
          251.286976             0.51487                   1
          259.242969             0.51474                   1
          273.220495             0.51472                   1
          279.179592             0.51484                   1
          295.091547             0.51478                   1
