           57.863946             0.51480                   1
           67.832304             0.51478                   1
           81.762992             0.51479                   1
           83.744980             0.52957                   1
          125.583067             0.51483                   1
          149.514249             0.52947                   1
          165.487583             0.51473                   1
          207.388915             0.51480                   1
          267.230171             0.51468                   1
          281.160743             0.51519                   1
          285.154397             0.51481                   1
          291.114368             0.52955                   1
          293.110350             0.51478                   1
          299.069458             0.51480                   1
          309.037767             0.51517                   1
          322.984084             0.51481                   1
          338.958455             0.51476                   1
          340.939631             0.51471                   1
