           12.016635             0.51485                   1
           15.994613             0.51470                   1
           47.927090             0.51480                   1
           51.889399             0.51483                   1
           63.854404             0.51544                   1
           69.844597             0.51475                   1
           89.780925             0.51479                   1
           91.762440             0.51549                   1
          113.710827             0.51483                   1
          123.663396             0.51484                   1
          143.599781             0.51474                   1
          153.567992             0.51474                   1
          191.443922             0.51480                   1
          195.421798             0.51476                   1
          229.319872             0.51474                   1
          235.310134             0.51480                   1
          241.300407             0.51477                   1
          249.272604             0.52963                   1
          257.243219             0.51479                   1
          277.179670             0.51474                   1
          323.011367             0.51480                   1
          328.970445             0.51481                   1
          336.957496             0.51479                   1
