            8.023326             0.51495                   1
           19.988110             0.51478                   1
           25.962754             0.51481                   1
           27.959533             0.51478                   1
           49.908245             0.51482                   1
           71.825768             0.51473                   1
           81.809532             0.51477                   1
          119.685522             0.51478                   1
          131.634841             0.51480                   1
          147.593310             0.51474                   1
          155.549093             0.51474                   1
          165.517630             0.51532                   1
          183.472520             0.51471                   1
          185.469228             0.51482                   1
          207.402465             0.51468                   1
          209.383433             0.51481                   1
          215.358238             0.51471                   1
          253.265389             0.51472                   1
          273.201731             0.51477                   1
          289.128949             0.51479                   1
          319.033539             0.51479                   1
          324.992554             0.51479                   1
