            8.023326             0.61635                   1
           19.988110             0.48321                   1
           25.962754             0.72436                   1
           27.959533             0.63955                   1
           49.908245             0.68216                   1
           71.825768             0.62799                   1
           81.809532             0.82788                   1
          119.685522             0.76673                   1
          131.634841             0.81704                   1
          147.593310             1.03405                   1
          155.549093             0.75006                   1
          165.517630             0.80518                   1
          183.472520             0.76970                   1
          185.469228             0.78896                   1
          207.402465             0.74300                   1
          209.383433             0.68201                   1
          215.358238             0.85100                   1
          253.265389             0.80666                   1
          273.201731             0.93373                   1
          289.128949             0.94201                   1
          319.033539             0.83655                   1
          324.992554             0.66930                   1
