           12.016635             0.45493                   1
           15.994613             0.61285                   1
           47.927090             0.60732                   1
           51.889399             0.69293                   1
           63.854404             0.64755                   1
           69.844597             0.83317                   1
           89.780925             0.62420                   1
           91.762440             0.79462                   1
          113.710827             0.65358                   1
          123.663396             0.90069                   1
          143.599781             0.73172                   1
          153.567992             0.85119                   1
          191.443922             0.72603                   1
          195.421798             0.58807                   1
          229.319872             0.70489                   1
          235.310134             0.69048                   1
          241.300407             0.79599                   1
          249.272604             0.81559                   1
          257.243219             0.78871                   1
          277.179670             0.67567                   1
          323.011367             0.60258                   1
          328.970445             0.75534                   1
          336.957496             0.57600                   1
