           39.940108             0.73060                   1
           87.799828             0.71743                   1
           93.758907             0.71810                   1
           95.740046             0.64894                   1
          101.730287             1.02652                   1
          115.692004             0.76034                   1
          127.641397             0.70657                   1
          139.621866             0.70978                   1
          159.542642             0.65237                   1
          177.497883             0.73654                   1
          193.425470             1.09649                   1
          211.364648             1.26876                   1
          219.336072             0.68904                   1
          259.240046             0.88783                   1
          267.211451             0.74823                   1
          275.182840             0.80058                   1
          283.154206             0.70101                   1
          285.135440             0.77569                   1
          297.115969             0.83479                   1
          299.097092             0.75760                   1
          307.084166             0.77830                   1
          317.052346             0.66582                   1
          321.014605             0.79142                   1
          338.938679             0.78675                   1
