           39.940108             0.51473                   1
           87.799828             0.51477                   1
           93.758907             0.51477                   1
           95.740046             0.51479                   1
          101.730287             0.51478                   1
          115.692004             0.51471                   1
          127.641397             0.51469                   1
          139.621866             0.51486                   1
          159.542642             0.51475                   1
          177.497883             0.51468                   1
          193.425470             0.51542                   1
          211.364648             0.51483                   1
          219.336072             0.51484                   1
          259.240046             0.51474                   1
          267.211451             0.51525                   1
          275.182840             0.51478                   1
          283.154206             0.51486                   1
          285.135440             0.51542                   1
          297.115969             0.51481                   1
          299.097092             0.51484                   1
          307.084166             0.51477                   1
          317.052346             0.51480                   1
          321.014605             0.51479                   1
          338.938679             0.51470                   1
