           17.992223             1.11128                   1
           27.974747             1.00854                   1
           53.889443             1.22127                   1
           55.872595             1.06207                   1
           73.821256             1.28899                   1
           81.803972             1.10605                   1
          103.735603             0.95790                   1
          109.718474             1.15889                   1
          121.667552             0.96954                   1
          143.615866             1.09276                   1
          147.598870             1.25364                   1
          179.446438             1.18131                   1
          229.325934             1.29264                   1
          235.292118             1.11835                   1
          243.291579             1.10269                   1
          247.257880             1.06432                   1
          251.240911             1.08117                   1
          277.172249             1.07721                   1
          287.138143             1.31909                   1
          297.087375             1.08964                   1
          309.086458             1.22627                   1
          323.018717             1.02969                   1
          338.967492             1.03257                   1
          340.950673             0.92136                   1
