            8.026301             1.30944                   1
           23.991739             0.87162                   1
           33.957675             1.07349                   1
           41.940349             1.12265                   1
           47.906568             1.07627                   1
           93.753023             1.20475                   1
          115.684679             1.11257                   1
          125.650674             1.02635                   1
          149.582084             1.14235                   1
          159.547968             1.12824                   1
          163.530999             1.18512                   1
          173.480347             1.17153                   1
          193.395366             1.11205                   1
          199.394983             1.43231                   1
          213.360487             1.32254                   1
          215.343683             1.13124                   1
          221.343209             1.05155                   1
          241.274993             1.03932                   1
          285.154964             1.24632                   1
          293.104344             1.00880                   1
          313.069486             1.24313                   1
          315.052671             1.22790                   1
          321.035540             1.19692                   1
          326.985079             1.07925                   1
