           10.009490             1.23024                   1
           43.923534             1.03541                   1
           65.855200             1.20723                   1
           67.838366             0.98397                   1
           85.786985             1.21095                   1
           91.769857             1.11594                   1
          113.701502             1.13578                   1
          117.684515             1.05669                   1
          131.633454             1.17941                   1
          157.564793             1.08747                   1
          165.514177             1.06593                   1
          167.497357             1.03468                   1
          177.463258             1.23654                   1
          181.429629             0.95808                   1
          189.412341             1.01516                   1
          197.378391             1.14493                   1
          203.377928             0.71328                   1
          231.309112             1.26142                   1
          245.274685             1.13554                   1
          259.223629             1.09026                   1
          261.206806             1.13105                   1
          271.189376             1.18022                   1
          289.121325             1.17585                   1
          325.001898             1.05446                   1
