            8.026301             0.51662                   1
           23.991739             0.49996                   1
           33.957675             0.51657                   1
           41.940349             0.51664                   1
           47.906568             0.51662                   1
           93.753023             0.51663                   1
          115.684679             0.51663                   1
          125.650674             0.51653                   1
          149.582084             0.51661                   1
          159.547968             0.51664                   1
          163.530999             0.51662                   1
          173.480347             0.51652                   1
          193.395366             0.51662                   1
          199.394983             0.51655                   1
          213.360487             0.51663                   1
          215.343683             0.53330                   1
          221.343209             0.51667                   1
          241.274993             0.51664                   1
          285.154964             0.51662                   1
          293.104344             0.51663                   1
          313.069486             0.51662                   1
          315.052671             0.51662                   1
          321.035540             0.51662                   1
          326.985079             0.51662                   1
