           17.992223             0.51660                   1
           27.974747             0.51664                   1
           53.889443             0.51662                   1
           55.872595             0.51665                   1
           73.821256             0.51661                   1
           81.803972             0.51661                   1
          103.735603             0.51660                   1
          109.718474             0.51662                   1
          121.667552             0.51662                   1
          143.615866             0.51665                   1
          147.598870             0.51664                   1
          179.446438             0.51660                   1
          229.325934             0.51661                   1
          235.292118             0.51669                   1
          243.291579             0.51657                   1
          247.257880             0.51662                   1
          251.240911             0.51662                   1
          277.172249             0.51663                   1
          287.138143             0.51662                   1
          297.087375             0.51662                   1
          309.086458             0.51662                   1
          323.018717             0.51662                   1
          338.967492             0.51663                   1
          340.950673             0.51662                   1
