           10.009490             0.51661                   1
           43.923534             0.51661                   1
           65.855200             0.51660                   1
           67.838366             0.51662                   1
           85.786985             0.51662                   1
           91.769857             0.51662                   1
          113.701502             0.51662                   1
          117.684515             0.51663                   1
          131.633454             0.51662                   1
          157.564793             0.51662                   1
          165.514177             0.51662                   1
          167.497357             0.51665                   1
          177.463258             0.51662                   1
          181.429629             0.51662                   1
          189.412341             0.51661                   1
          197.378391             0.51662                   1
          203.377928             0.51662                   1
          231.309112             0.51662                   1
          245.274685             0.51664                   1
          259.223629             0.51662                   1
          261.206806             0.51663                   1
          271.189376             0.51662                   1
          289.121325             0.51664                   1
          325.001898             0.51662                   1
