           27.953659             0.46964                   1
           83.816022             0.49398                   1
           93.798585             0.59117                   1
          103.764473             0.48104                   1
          137.628617             0.52812                   1
          141.611568             0.53706                   1
          157.543670             0.72460                   1
          165.493062             0.39105                   1
          181.425156             0.46657                   1
          187.408030             0.53156                   1
          191.541107             0.41440                   1
          211.489513             0.55355                   1
          215.472541             0.37839                   1
          229.438132             0.46847                   1
          235.421007             0.62944                   1
          239.404029             0.47036                   1
          247.770055             0.55214                   1
          255.752773             0.53722                   1
          261.718978             0.43488                   1
          277.667737             0.51772                   1
          295.616363             0.55271                   1
          311.548472             0.48419                   1
          317.514677             0.58188                   1
