            8.021819             0.44994                   1
           14.004732             0.38688                   1
           21.987454             0.47599                   1
           35.936382             0.47077                   1
           37.919553             0.54351                   1
           71.833602             0.74868                   1
           97.781589             0.55207                   1
          117.696742             0.37246                   1
          131.645660             0.53519                   1
          159.526852             0.58937                   1
          163.509879             0.56627                   1
          167.476238             0.55180                   1
          179.441977             0.59379                   1
          189.391216             0.47638                   1
          205.506635             0.46455                   1
          265.701994             0.45175                   1
          279.650918             0.55852                   1
          303.582419             0.59442                   1
          313.531650             0.57298                   1
          337.446478             0.68157                   1
