           10.021706             0.28994                   1
           23.970652             0.50073                   1
           55.884839             0.42579                   1
           57.868018             0.41860                   1
           65.850737             0.36367                   1
          105.747654             0.34584                   1
          109.714003             0.32344                   1
          121.679765             0.51733                   1
          147.594444             0.48205                   1
          153.577319             0.60305                   1
          155.560489             0.55581                   1
          177.458820             0.44901                   1
          201.523611             0.52763                   1
          217.455723             0.41918                   1
          241.787235             0.53508                   1
          273.684725             0.47683                   1
          293.633189             0.63192                   1
          297.599543             0.56147                   1
          307.565448             0.49934                   1
          323.497543             0.51686                   1
          327.480577             0.47977                   1
          335.463294             0.61682                   1
