           10.021706             0.51662                   1
           23.970652             0.51661                   1
           55.884839             0.51660                   1
           57.868018             0.51662                   1
           65.850737             0.51662                   1
          105.747654             0.51662                   1
          109.714003             0.51660                   1
          121.679765             0.51662                   1
          147.594444             0.51662                   1
          153.577319             0.51661                   1
          155.560489             0.51662                   1
          177.458820             0.51661                   1
          201.523611             0.51662                   1
          217.455723             0.51662                   1
          241.787235             0.51657                   1
          273.684725             0.51661                   1
          293.633189             0.49995                   1
          297.599543             0.51666                   1
          307.565448             0.51662                   1
          323.497543             0.51663                   1
          327.480577             0.51662                   1
          335.463294             0.51663                   1
