            8.023020             1.04076                   1
           23.988427             1.32286                   1
           33.954313             1.08474                   1
           41.936991             1.00585                   1
           47.903167             0.78351                   1
           93.749509             1.11995                   1
          126.046943             1.28567                   1
          149.978365             0.77765                   1
          159.944238             1.09947                   1
          163.927254             1.30839                   1
          194.008189             0.98660                   1
          199.974431             1.07626                   1
          213.939930             0.91037                   1
          215.923102             1.03918                   1
          221.905962             1.27212                   1
          241.837707             0.89985                   1
          285.700863             1.05154                   1
          293.650236             1.18194                   1
          313.598616             0.92104                   1
          315.581809             1.28179                   1
          321.564678             0.90681                   1
          327.514197             0.73312                   1
