           18.005565             0.51662                   1
           27.971433             0.51662                   1
           53.886030             0.51661                   1
           55.869205             0.51662                   1
           73.817777             0.51663                   1
           81.800477             0.51662                   1
          103.732059             0.51662                   1
          109.731579             0.51662                   1
          122.063928             0.51662                   1
          144.012176             0.51662                   1
          147.995191             0.51662                   1
          180.059298             0.51662                   1
          229.888656             0.51662                   1
          235.854838             0.51662                   1
          243.820867             0.51663                   1
          247.803892             0.51662                   1
          251.786910             0.51661                   1
          277.718174             0.51662                   1
          287.684042             0.51662                   1
          297.633249             0.51662                   1
          309.615621             0.51662                   1
          339.513243             0.51662                   1
          341.496416             0.51662                   1
