           18.005565             1.02590                   1
           27.971433             1.06777                   1
           53.886030             0.99248                   1
           55.869205             0.88129                   1
           73.817777             0.80418                   1
           81.800477             0.86129                   1
          103.732059             1.05715                   1
          109.731579             1.03344                   1
          122.063928             0.99680                   1
          144.012176             1.09593                   1
          147.995191             0.73687                   1
          180.059298             0.92789                   1
          229.888656             1.19325                   1
          235.854838             0.88291                   1
          243.820867             0.62866                   1
          247.803892             0.74952                   1
          251.786910             0.68642                   1
          277.718174             1.06647                   1
          287.684042             0.81229                   1
          297.633249             0.70285                   1
          309.615621             0.79219                   1
          339.513243             0.80574                   1
          341.496416             0.79056                   1
