           10.022878             0.49995                   1
           43.920156             0.51662                   1
           65.851750             0.51662                   1
           67.834918             0.51662                   1
           85.783479             0.51663                   1
           91.766338             0.51662                   1
          113.714598             0.51662                   1
          118.080915             0.51662                   1
          132.029800             0.51662                   1
          157.961067             0.51662                   1
          166.127140             0.51656                   1
          168.110260             0.51662                   1
          178.076125             0.51662                   1
          182.042466             0.51663                   1
          190.025173             0.51662                   1
          231.871820             0.51663                   1
          245.820718             0.51662                   1
          259.769604             0.51662                   1
          261.752778             0.51662                   1
          271.735319             0.51664                   1
          289.667226             0.51661                   1
          325.531078             0.51657                   1
