            8.023020             0.51664                   1
           23.988427             0.51661                   1
           33.954313             0.51660                   1
           41.936991             0.51662                   1
           47.903167             0.51661                   1
           93.749509             0.51663                   1
          126.046943             0.51662                   1
          149.978365             0.51662                   1
          159.944238             0.51662                   1
          163.927254             0.51662                   1
          194.008189             0.51662                   1
          199.974431             0.51657                   1
          213.939930             0.51662                   1
          215.923102             0.51662                   1
          221.905962             0.51662                   1
          241.837707             0.51662                   1
          285.700863             0.51663                   1
          293.650236             0.51662                   1
          313.598616             0.51666                   1
          315.581809             0.51662                   1
          321.564678             0.51661                   1
          327.514197             0.51662                   1
