           10.022878             0.62480                   1
           43.920156             0.63061                   1
           65.851750             1.43445                   1
           67.834918             0.61924                   1
           85.783479             0.81418                   1
           91.766338             0.81519                   1
          113.714598             1.11435                   1
          118.080915             1.02791                   1
          132.029800             1.00665                   1
          157.961067             0.93873                   1
          166.127140             0.58047                   1
          168.110260             0.72528                   1
          178.076125             0.71115                   1
          182.042466             1.07271                   1
          190.025173             0.91379                   1
          231.871820             0.84203                   1
          245.820718             0.85276                   1
          259.769604             0.89551                   1
          261.752778             0.77626                   1
          271.735319             0.86542                   1
          289.667226             0.57311                   1
          325.531078             0.73232                   1
