            8.022760             0.51662                   1
           13.988962             0.51661                   1
           21.971655             0.51661                   1
           35.920534             0.51661                   1
           37.903704             0.51662                   1
           71.817668             0.51662                   1
           97.782259             0.51662                   1
          107.731465             0.51662                   1
          111.697815             0.51662                   1
          117.680675             0.51662                   1
          131.629549             0.51663                   1
          159.510656             0.51663                   1
          163.510348             0.49996                   1
          167.476687             0.51663                   1
          179.442407             0.51663                   1
          189.391608             0.51662                   1
          205.340348             0.51662                   1
          209.323362             0.51662                   1
          257.169538             0.51662                   1
          265.135572             0.51662                   1
          279.084457             0.51662                   1
          302.999218             0.51662                   1
          312.948419             0.51662                   1
          336.863177             0.51662                   1
