           10.005931             0.51662                   1
           23.954825             0.51664                   1
           45.886405             0.51662                   1
           55.868932             0.51663                   1
           57.852102             0.51663                   1
           65.834815             0.51661                   1
          105.748292             0.51662                   1
          109.714641             0.51662                   1
          121.663689             0.51662                   1
          129.646386             0.51662                   1
          147.578285             0.51662                   1
          153.561138             0.51662                   1
          155.544309             0.51662                   1
          177.459237             0.51662                   1
          201.357334             0.51662                   1
          217.272722             0.51663                   1
          241.204147             0.51661                   1
          273.118269             0.51662                   1
          293.050013             0.51662                   1
          297.016359             0.51662                   1
          306.982243             0.51661                   1
          322.914286             0.51663                   1
          326.897311             0.51662                   1
          334.879995             0.51663                   1
