           10.005931             0.61778                   1
           23.954825             0.83654                   1
           45.886405             0.64838                   1
           55.868932             0.92958                   1
           57.852102             0.69035                   1
           65.834815             0.72346                   1
          105.748292             1.23288                   1
          109.714641             1.37046                   1
          121.663689             0.92507                   1
          129.646386             0.82219                   1
          147.578285             0.91378                   1
          153.561138             1.13880                   1
          155.544309             0.83559                   1
          177.459237             0.60008                   1
          201.357334             0.96532                   1
          217.272722             0.65755                   1
          241.204147             0.97349                   1
          273.118269             0.85849                   1
          293.050013             1.09422                   1
          297.016359             1.03178                   1
          306.982243             1.23364                   1
          322.914286             0.82121                   1
          326.897311             0.81405                   1
          334.879995             0.96720                   1
