           27.937865             0.51661                   1
           83.816710             0.51662                   1
           93.799246             0.51662                   1
          103.765117             0.51662                   1
          137.612416             0.51662                   1
          141.595431             0.51662                   1
          157.527483             0.51663                   1
          181.425598             0.51664                   1
          187.408437             0.51664                   1
          191.374781             0.51664                   1
          211.306533             0.51663                   1
          215.289552             0.51663                   1
          229.255097             0.51663                   1
          235.237961             0.51662                   1
          239.220973             0.51663                   1
          247.187008             0.51664                   1
          255.186367             0.51662                   1
          261.152547             0.51663                   1
          277.101283             0.51664                   1
          310.965246             0.51663                   1
          316.931438             0.51662                   1
