            8.022760             0.67303                   1
           13.988962             0.76265                   1
           21.971655             0.69970                   1
           35.920534             0.80652                   1
           37.903704             0.94326                   1
           71.817668             1.06037                   1
           97.782259             0.93511                   1
          107.731465             1.29769                   1
          111.697815             1.22721                   1
          117.680675             0.69218                   1
          131.629549             1.14298                   1
          159.510656             1.07712                   1
          163.510348             1.21333                   1
          167.476687             0.74286                   1
          179.442407             0.61685                   1
          189.391608             0.65135                   1
          205.340348             1.37421                   1
          209.323362             0.86307                   1
          257.169538             1.10365                   1
          265.135572             0.75345                   1
          279.084457             1.10816                   1
          302.999218             1.09675                   1
          312.948419             1.45934                   1
          336.863177             1.03997                   1
