           27.937865             0.82937                   1
           83.816710             1.09307                   1
           93.799246             1.08628                   1
          103.765117             0.99214                   1
          137.612416             1.10389                   1
          141.595431             1.02478                   1
          157.527483             1.38836                   1
          181.425598             0.52965                   1
          187.408437             0.60262                   1
          191.374781             0.40416                   1
          211.306533             1.15991                   1
          215.289552             1.09675                   1
          229.255097             1.29083                   1
          235.237961             0.77980                   1
          239.220973             0.91670                   1
          247.187008             0.91847                   1
          255.186367             1.03888                   1
          261.152547             1.09655                   1
          277.101283             0.94736                   1
          310.965246             1.11453                   1
          316.931438             0.78823                   1
