           10.023082             0.52863                   1
           13.985449             0.47014                   1
           37.931006             0.78001                   1
           73.826010             0.69211                   1
           79.800756             0.74919                   1
           83.794245             0.97162                   1
           85.775456             0.68638                   1
           93.715709             0.57785                   1
          115.602181             0.56284                   1
          127.536406             0.71634                   1
          137.535454             1.08510                   1
          167.455743             0.70799                   1
          169.436922             0.78278                   1
          181.401882             0.80950                   1
          193.366902             0.58825                   1
          233.239787             0.65832                   1
          241.226959             0.81496                   1
          249.198433             0.66731                   1
          261.147796             0.74965                   1
          267.138096             0.77519                   1
          277.122021             0.78300                   1
          289.086956             0.53778                   1
          316.979257             0.62877                   1
          340.956144             0.64331                   1
