            8.026470             0.51500                   1
           12.004267             0.51480                   1
           31.940726             0.51475                   1
           45.902476             0.51485                   1
           57.867518             0.51478                   1
           69.848119             0.51469                   1
           87.756608             0.51480                   1
          105.665166             0.51475                   1
          107.646301             0.51472                   1
          111.639858             0.51480                   1
          113.620965             0.51484                   1
          119.595709             0.51478                   1
          123.573594             0.51488                   1
          139.516603             0.51476                   1
          149.500444             0.51483                   1
          159.468659             0.51478                   1
          183.383253             0.51547                   1
          205.300766             0.51477                   1
          213.287719             0.51483                   1
          255.173110             0.51473                   1
          293.064853             0.51478                   1
          299.039543             0.51483                   1
          303.018179             0.52968                   1
