           19.975726             0.51485                   1
           23.953690             0.51477                   1
           39.912167             0.51477                   1
           47.883671             0.51474                   1
           71.829224             0.51479                   1
           89.737786             0.51471                   1
           91.734538             0.51480                   1
           95.696892             0.51474                   1
          101.687209             0.51484                   1
          125.554818             0.51473                   1
          157.487475             0.51475                   1
          177.424008             0.51475                   1
          189.373421             0.51467                   1
          197.344869             0.51484                   1
          199.326026             0.51470                   1
          203.319589             0.51478                   1
          219.262487             0.51476                   1
          243.208100             0.51471                   1
          259.166675             0.51480                   1
          297.058460             0.51477                   1
          307.011077             0.51480                   1
          313.001371             0.51478                   1
          328.959929             0.51474                   1
