           19.975726             0.63171                   1
           23.953690             0.71765                   1
           39.912167             0.84679                   1
           47.883671             0.67508                   1
           71.829224             0.76892                   1
           89.737786             0.69192                   1
           91.734538             1.00712                   1
           95.696892             0.74873                   1
          101.687209             0.77424                   1
          125.554818             0.81796                   1
          157.487475             1.10054                   1
          177.424008             0.81947                   1
          189.373421             0.94982                   1
          197.344869             0.84219                   1
          199.326026             0.78089                   1
          203.319589             0.81924                   1
          219.262487             1.09193                   1
          243.208100             0.75378                   1
          259.166675             0.85878                   1
          297.058460             0.71808                   1
          307.011077             0.71721                   1
          313.001371             0.62278                   1
          328.959929             0.85583                   1
