           10.023082             0.51477                   1
           13.985449             0.51473                   1
           37.931006             0.51483                   1
           73.826010             0.51478                   1
           79.800756             0.51474                   1
           83.794245             0.51481                   1
           85.775456             0.51478                   1
           93.715709             0.51479                   1
          115.602181             0.51476                   1
          127.536406             0.51544                   1
          137.535454             0.51475                   1
          167.455743             0.51479                   1
          169.436922             0.51480                   1
          181.401882             0.51480                   1
          193.366902             0.51475                   1
          233.239787             0.51483                   1
          241.226959             0.51475                   1
          249.198433             0.51474                   1
          261.147796             0.51481                   1
          267.138096             0.51486                   1
          277.122021             0.51471                   1
          289.086956             0.51476                   1
          316.979257             0.51483                   1
          340.956144             0.51484                   1
