           19.988919             0.52249                   1
           31.954622             0.52449                   1
           35.937656             0.79737                   1
           47.903351             0.71933                   1
           59.885727             0.74464                   1
           63.852074             0.73018                   1
           69.818266             0.69185                   1
          101.699056             0.86619                   1
          123.597308             0.58343                   1
          167.477139             0.99036                   1
          183.409209             0.80193                   1
          191.375238             0.52368                   1
          197.341440             1.17328                   1
          203.324294             0.79831                   1
          209.290462             0.75995                   1
          215.273336             0.76100                   1
          231.222056             1.14779                   1
          255.136825             1.13640                   1
          283.034596             0.57392                   1
          300.966498             0.58552                   1
          312.932213             0.85950                   1
