           16.005904             0.51661                   1
           65.835251             0.51662                   1
           71.801439             0.51662                   1
           75.767792             0.51662                   1
           97.716048             0.51662                   1
          117.631110             0.51663                   1
          137.562865             0.51662                   1
          145.562227             0.51662                   1
          147.545397             0.51662                   1
          153.528263             0.51661                   1
          163.494126             0.51662                   1
          173.443327             0.51662                   1
          195.358258             0.51662                   1
          207.307303             0.51662                   1
          217.256494             0.51662                   1
          229.238882             0.49995                   1
          239.188088             0.51664                   1
          249.170628             0.51662                   1
          271.068882             0.51662                   1
          279.051583             0.51662                   1
          294.983630             0.51663                   1
