           19.988919             0.51661                   1
           31.954622             0.51662                   1
           35.937656             0.51660                   1
           47.903351             0.51662                   1
           59.885727             0.51662                   1
           63.852074             0.51662                   1
           69.818266             0.51662                   1
          101.699056             0.51662                   1
          123.597308             0.51661                   1
          167.477139             0.51662                   1
          183.409209             0.51662                   1
          191.375238             0.51662                   1
          197.341440             0.51661                   1
          203.324294             0.51664                   1
          209.290462             0.51663                   1
          215.273336             0.51666                   1
          231.222056             0.51663                   1
          255.136825             0.51662                   1
          283.034596             0.51662                   1
          300.966498             0.51662                   1
          312.932213             0.51662                   1
