           29.971458             0.73170                   1
           45.920186             0.76655                   1
           49.886529             0.45610                   1
           61.868901             0.72940                   1
           73.784621             1.03738                   1
          103.682231             1.33105                   1
          107.665300             0.84380                   1
          115.647948             0.63696                   1
          119.614291             0.58254                   1
          135.579696             0.68872                   1
          171.460150             1.34324                   1
          177.426350             0.71293                   1
          189.392069             0.79487                   1
          225.239204             0.85080                   1
          233.205231             0.81258                   1
          251.153798             1.11950                   1
          267.085862             1.33904                   1
          293.000456             0.82378                   1
          306.949359             0.70651                   1
          320.914901             0.64465                   1
          324.897921             0.84552                   1
          336.880280             0.75084                   1
