           16.005904             1.00164                   1
           65.835251             0.64300                   1
           71.801439             0.77259                   1
           75.767792             0.61420                   1
           97.716048             1.12129                   1
          117.631110             0.91776                   1
          137.562865             0.82544                   1
          145.562227             0.76189                   1
          147.545397             0.93867                   1
          153.528263             1.13965                   1
          163.494126             1.30951                   1
          173.443327             0.60805                   1
          195.358258             0.86853                   1
          207.307303             0.85516                   1
          217.256494             0.64979                   1
          229.238882             0.84303                   1
          239.188088             0.70961                   1
          249.170628             0.76676                   1
          271.068882             0.88393                   1
          279.051583             0.89301                   1
          294.983630             0.72060                   1
