           65.853328             0.51476                   1
           71.812369             0.51473                   1
           75.790229             0.51480                   1
           87.770814             0.51481                   1
           97.738953             0.51482                   1
          137.596067             0.51478                   1
          145.583144             0.51467                   1
          147.564268             0.51479                   1
          153.554507             0.51478                   1
          173.475310             0.51473                   1
          195.408482             0.51470                   1
          217.310318             0.51478                   1
          229.275253             0.51472                   1
          271.129061             0.51485                   1
          279.116108             0.51476                   1
          287.071931             0.51481                   1
