           20.005943             0.51479                   1
           35.948686             0.51486                   1
           47.929219             0.51481                   1
           59.894223             0.51477                   1
           63.856541             0.51477                   1
           69.831190             0.51476                   1
           89.751935             0.51481                   1
          101.717351             0.51543                   1
          123.634412             0.51479                   1
          167.516233             0.51483                   1
          183.443459             0.51483                   1
          191.414902             0.51471                   1
          197.389602             0.51473                   1
          203.364247             0.51475                   1
          209.338870             0.51488                   1
          215.329091             0.51488                   1
          231.256368             0.51478                   1
          255.186286             0.51485                   1
          263.173250             0.51477                   1
          265.154475             0.51475                   1
          283.094095             0.51473                   1
          301.033630             0.51484                   1
