            8.025581             0.51495                   1
           29.989678             0.51477                   1
           45.932787             0.51534                   1
           49.910414             0.51479                   1
           61.875383             0.51476                   1
           73.794294             0.52959                   1
          103.713634             0.51485                   1
          107.691549             0.51482                   1
          115.678613             0.51473                   1
          119.640849             0.51494                   1
          135.614990             0.51474                   1
          155.535713             0.51479                   1
          171.494166             0.51479                   1
          177.468796             0.51478                   1
          189.433718             0.51484                   1
          225.297374             0.51475                   1
          233.253165             0.51485                   1
          251.208396             0.51469                   1
          267.135566             0.51481                   1
          324.948029             0.51540                   1
          336.944108             0.51478                   1
