           25.961699             0.97343                   1
           29.955169             0.60385                   1
           31.936367             0.71060                   1
           49.891562             1.03484                   1
           59.844129             0.73796                   1
           81.792820             0.87658                   1
           89.733021             0.65613                   1
          111.650625             0.92188                   1
          125.612214             0.81580                   1
          129.605817             0.77407                   1
          135.580442             0.67130                   1
          151.554521             0.77672                   1
          153.535603             0.84359                   1
          157.529201             0.90586                   1
          167.497367             0.78538                   1
          187.433740             1.13635                   1
          239.271353             0.64922                   1
          251.236360             0.86779                   1
          275.166161             0.84122                   1
          277.162935             0.62045                   1
          305.101935             0.72856                   1
          313.058096             0.74018                   1
          323.041570             0.61236                   1
          336.972023             1.36141                   1
