           13.996809             0.51476                   1
           15.977883             0.51482                   1
           51.872729             0.51479                   1
           67.831193             0.51475                   1
           75.818233             0.51474                   1
           83.789634             0.51481                   1
           87.751912             0.51483                   1
           91.715268             0.52936                   1
          105.675923             0.51479                   1
          107.657104             0.51475                   1
          173.472010             0.51482                   1
          179.446677             0.51479                   1
          199.414214             0.51481                   1
          207.385700             0.51476                   1
          213.375917             0.51482                   1
          225.340873             0.51481                   1
          229.303204             0.51481                   1
          237.290224             0.51469                   1
          245.246029             0.51474                   1
          301.108400             0.51478                   1
          325.022665             0.51469                   1
          327.003838             0.51478                   1
          340.949906             0.51478                   1
