            8.022260             0.51488                   1
           10.018847             0.51478                   1
           41.920124             0.51480                   1
           47.910394             0.51479                   1
           57.862983             0.51477                   1
           85.770726             0.51486                   1
           93.711051             0.51472                   1
           95.692123             0.51485                   1
          117.625245             0.51477                   1
          139.574015             0.51466                   1
          165.501026             0.51538                   1
          177.465455             0.51487                   1
          203.407725             0.51483                   1
          217.353873             0.51478                   1
          227.322019             0.51477                   1
          241.268130             0.51481                   1
          267.195255             0.52987                   1
          273.185063             0.51476                   1
          285.134344             0.51543                   1
          295.119019             0.52947                   1
          309.079799             0.51484                   1
          319.048051             0.51469                   1
          330.981695             0.51507                   1
          338.953133             0.51471                   1
