           25.961699             0.51475                   1
           29.955169             0.51488                   1
           31.936367             0.51477                   1
           49.891562             0.51478                   1
           59.844129             0.51480                   1
           81.792820             0.51481                   1
           89.733021             0.51482                   1
          111.650625             0.51470                   1
          125.612214             0.51486                   1
          129.605817             0.51473                   1
          135.580442             0.51479                   1
          151.554521             0.51478                   1
          153.535603             0.51482                   1
          157.529201             0.51476                   1
          167.497367             0.51478                   1
          187.433740             0.51478                   1
          239.271353             0.51506                   1
          251.236360             0.51470                   1
          275.166161             0.51478                   1
          277.162935             0.51482                   1
          305.101935             0.51470                   1
          313.058096             0.51540                   1
          323.041570             0.51472                   1
          336.972023             0.51476                   1
