            8.022260             0.75345                   1
           10.018847             0.83675                   1
           41.920124             0.87853                   1
           47.910394             0.89604                   1
           57.862983             1.23115                   1
           85.770726             0.84242                   1
           93.711051             0.73400                   1
           95.692123             0.60885                   1
          117.625245             0.80304                   1
          139.574015             1.07761                   1
          165.501026             0.78175                   1
          177.465455             0.75297                   1
          203.407725             0.71385                   1
          217.353873             0.71131                   1
          227.322019             0.82288                   1
          241.268130             0.69235                   1
          267.195255             0.77240                   1
          273.185063             0.91841                   1
          285.134344             1.10475                   1
          295.119019             0.69581                   1
          309.079799             0.71857                   1
          319.048051             0.56603                   1
          330.981695             0.71999                   1
          338.953133             0.71637                   1
