           39.940563             0.66635                   1
           87.800548             0.78117                   1
           93.759657             0.64595                   1
           95.740856             0.63270                   1
          101.715509             0.67391                   1
          115.692886             0.78413                   1
          159.543792             0.70013                   1
          177.499089             1.06440                   1
          193.426420             0.92066                   1
          211.366148             0.93255                   1
          219.337617             0.84080                   1
          267.213240             1.17199                   1
          283.156143             1.13269                   1
          317.038804             1.16119                   1
          321.016735             0.64723                   1
