            8.023552             0.51493                   1
           19.988432             0.51480                   1
           25.963141             0.51473                   1
           27.959899             0.51479                   1
           49.908787             0.51472                   1
           61.873767             0.51481                   1
           71.826347             0.51484                   1
           81.810185             0.51481                   1
          119.670805             0.51478                   1
          131.635884             0.51472                   1
          147.578747             0.51479                   1
          155.550263             0.51476                   1
          165.518479             0.51478                   1
          183.473783             0.51478                   1
          185.454909             0.51482                   1
          207.403846             0.51475                   1
          209.384980             0.51475                   1
          215.359693             0.51471                   1
          253.267059             0.51471                   1
          273.203489             0.51482                   1
          289.115229             0.51530                   1
          309.067334             0.51478                   1
          319.035566             0.51483                   1
          324.979047             0.51485                   1
