           12.017001             0.51478                   1
           15.994881             0.51482                   1
           47.927579             0.51478                   1
           63.854895             0.51483                   1
           69.845279             0.51473                   1
           89.781785             0.51471                   1
           91.762866             0.51477                   1
          113.711669             0.51479                   1
          143.600792             0.51476                   1
          153.569014             0.51484                   1
          167.499875             0.51544                   1
          191.445298             0.51475                   1
          195.407602             0.51530                   1
          229.321453             0.51475                   1
          235.311676             0.51479                   1
          241.286511             0.51470                   1
          249.273494             0.51479                   1
          257.244906             0.51488                   1
          277.165865             0.51482                   1
          322.997848             0.51484                   1
          328.972639             0.51479                   1
          336.959638             0.51485                   1
