            8.023552             1.07221                   1
           19.988432             0.61902                   1
           25.963141             0.80416                   1
           27.959899             0.73535                   1
           49.908787             0.49795                   1
           61.873767             0.65264                   1
           71.826347             0.61979                   1
           81.810185             0.81170                   1
          119.670805             0.77416                   1
          131.635884             0.66476                   1
          147.578747             0.72149                   1
          155.550263             0.64579                   1
          165.518479             0.68531                   1
          183.473783             0.74555                   1
          185.454909             0.98838                   1
          207.403846             0.90288                   1
          209.384980             0.69769                   1
          215.359693             0.69080                   1
          253.267059             0.66260                   1
          273.203489             0.66963                   1
          289.115229             0.64550                   1
          309.067334             0.80490                   1
          319.035566             0.65244                   1
          324.979047             0.66077                   1
