           39.940563             0.51466                   1
           87.800548             0.51482                   1
           93.759657             0.51475                   1
           95.740856             0.51473                   1
          101.715509             0.51516                   1
          115.692886             0.51475                   1
          159.543792             0.51477                   1
          177.499089             0.51476                   1
          193.426420             0.51480                   1
          211.366148             0.51473                   1
          219.337617             0.51479                   1
          267.213240             0.51478                   1
          283.156143             0.51480                   1
          317.038804             0.51483                   1
          321.016735             0.51480                   1
