           12.017001             0.59068                   1
           15.994881             0.64471                   1
           47.927579             0.76716                   1
           63.854895             0.67144                   1
           69.845279             0.72893                   1
           89.781785             0.63189                   1
           91.762866             0.59477                   1
          113.711669             0.85343                   1
          143.600792             0.73957                   1
          153.569014             1.10708                   1
          167.499875             0.69586                   1
          191.445298             0.70985                   1
          195.407602             0.67542                   1
          229.321453             0.99274                   1
          235.311676             0.77837                   1
          241.286511             0.85936                   1
          249.273494             0.94418                   1
          257.244906             0.85260                   1
          277.165865             0.73119                   1
          322.997848             0.65000                   1
          328.972639             0.81909                   1
          336.959638             1.11183                   1
