           10.628461             0.51661                   1
           14.594813             0.51662                   1
           38.526231             0.51662                   1
           74.423358             0.51662                   1
           80.406218             0.51662                   1
           84.389235             0.51662                   1
           86.372402             0.51662                   1
           94.305107             0.51662                   1
          116.186703             0.51662                   1
          128.119076             0.51661                   1
          138.101618             0.51662                   1
          168.032555             0.51662                   1
          170.015754             0.51660                   1
          181.981441             0.51662                   1
          193.930505             0.51660                   1
          233.810641             0.49995                   1
          241.793337             0.51662                   1
          249.759367             0.51662                   1
          261.708406             0.51662                   1
          267.691218             0.51665                   1
          277.673809             0.51662                   1
          289.639523             0.51662                   1
          317.520630             0.51662                   1
          341.502046             0.51664                   1
