           20.577663             0.51662                   1
           24.560700             0.51660                   1
           40.509393             0.51664                   1
           48.475435             0.51662                   1
           72.440186             0.51662                   1
           90.338755             0.51662                   1
           92.321935             0.51662                   1
           96.288281             0.51662                   1
          102.271138             0.51662                   1
          126.135888             0.51663                   1
          158.066704             0.51660                   1
          177.998431             0.51661                   1
          189.947475             0.51662                   1
          197.913506             0.51662                   1
          199.896678             0.51662                   1
          203.879691             0.51662                   1
          219.828414             0.51663                   1
          243.776492             0.51664                   1
          259.725240             0.51662                   1
          281.656822             0.51662                   1
          297.605553             0.51660                   1
          307.554757             0.51662                   1
          313.537615             0.51662                   1
          329.519668             0.49996                   1
