           20.577663             0.84577                   1
           24.560700             0.63063                   1
           40.509393             0.76147                   1
           48.475435             0.85928                   1
           72.440186             0.70985                   1
           90.338755             0.64285                   1
           92.321935             0.61962                   1
           96.288281             0.56518                   1
          102.271138             0.59015                   1
          126.135888             0.76479                   1
          158.066704             0.64107                   1
          177.998431             0.71683                   1
          189.947475             0.83951                   1
          197.913506             0.66524                   1
          199.896678             1.13004                   1
          203.879691             0.89886                   1
          219.828414             0.68573                   1
          243.776492             0.88907                   1
          259.725240             1.02786                   1
          281.656822             0.83979                   1
          297.605553             0.57857                   1
          307.554757             0.70907                   1
          313.537615             1.05408                   1
          329.519668             0.68760                   1
