           10.628461             0.54721                   1
           14.594813             0.56477                   1
           38.526231             0.66473                   1
           74.423358             0.87061                   1
           80.406218             0.61562                   1
           84.389235             0.62453                   1
           86.372402             0.56128                   1
           94.305107             0.59638                   1
          116.186703             0.57021                   1
          128.119076             0.73352                   1
          138.101618             0.59067                   1
          168.032555             1.48296                   1
          170.015754             0.99570                   1
          181.981441             0.99772                   1
          193.930505             1.39230                   1
          233.810641             1.46316                   1
          241.793337             0.97628                   1
          249.759367             1.02602                   1
          261.708406             0.55664                   1
          267.691218             0.90170                   1
          277.673809             0.67882                   1
          289.639523             0.63279                   1
          317.520630             0.73496                   1
          341.502046             0.59291                   1
