            8.645275             0.69049                   1
           12.611632             0.54801                   1
           32.543387             0.71176                   1
           46.492263             0.93844                   1
           58.457964             0.69247                   1
           70.457012             0.68506                   1
           88.355580             1.27402                   1
          106.254155             0.87101                   1
          108.237327             0.91180                   1
          112.220346             0.66465                   1
          114.203522             0.58546                   1
          120.169711             0.57111                   1
          124.152729             0.52434                   1
          140.101450             0.61483                   1
          150.083989             0.72001                   1
          160.049858             0.63391                   1
          183.964619             0.83849                   1
          205.862869             0.84371                   1
          213.845569             0.62077                   1
          227.811123             0.67886                   1
          255.742221             0.83498                   1
          293.622533             0.70572                   1
          299.588725             0.56334                   1
          303.571741             0.63624                   1
