            8.645275             0.51662                   1
           12.611632             0.51662                   1
           32.543387             0.51662                   1
           46.492263             0.51662                   1
           58.457964             0.51662                   1
           70.457012             0.51662                   1
           88.355580             0.51662                   1
          106.254155             0.51662                   1
          108.237327             0.51662                   1
          112.220346             0.51662                   1
          114.203522             0.51663                   1
          120.169711             0.51662                   1
          124.152729             0.52419                   1
          140.101450             0.51662                   1
          150.083989             0.51662                   1
          160.049858             0.51662                   1
          183.964619             0.51662                   1
          205.862869             0.51662                   1
          213.845569             0.51662                   1
          227.811123             0.51662                   1
          255.742221             0.51662                   1
          293.622533             0.51662                   1
          299.588725             0.51662                   1
          303.571741             0.51661                   1
