           20.005786             0.51467                   1
           31.970742             0.51485                   1
           35.948752             0.51475                   1
           47.929559             0.51468                   1
           59.894523             0.51479                   1
           63.856865             0.51482                   1
           69.831606             0.51480                   1
           89.752637             0.51477                   1
          101.717678             0.51475                   1
          123.635497             0.51481                   1
          167.502238             0.51481                   1
          183.445269             0.51477                   1
          191.416815             0.51481                   1
          197.391591             0.51475                   1
          203.366305             0.51474                   1
          209.341030             0.51481                   1
          215.331415             0.51477                   1
          231.258787             0.51475                   1
          255.188949             0.51483                   1
          263.176086             0.51476                   1
          265.157326             0.51474                   1
          283.097072             0.51479                   1
          301.036859             0.51481                   1
          313.001925             0.51482                   1
