            8.025252             0.51491                   1
           29.989639             0.51472                   1
           45.932661             0.51526                   1
           49.910708             0.51473                   1
           61.875722             0.51478                   1
           73.794034             0.51553                   1
          103.714526             0.51477                   1
          107.692523             0.51471                   1
          115.679588             0.51478                   1
          119.641930             0.51479                   1
          135.616157             0.51474                   1
          155.537223             0.51476                   1
          171.495832             0.51481                   1
          177.455517             0.51538                   1
          189.435644             0.51479                   1
          233.240105             0.51547                   1
          251.195388             0.51476                   1
          267.138431             0.51479                   1
          293.065326             0.51488                   1
          307.011675             0.51470                   1
          320.973522             0.51478                   1
          324.951479             0.51475                   1
          336.932466             0.51551                   1
