           16.012196             0.51477                   1
           65.853704             0.51479                   1
           71.812835             0.51476                   1
           75.790771             0.51471                   1
           87.771354             0.51491                   1
           97.739806             0.51475                   1
          117.660788             0.51477                   1
          137.597333             0.51481                   1
          145.584489             0.51484                   1
          147.565619             0.51479                   1
          153.556017             0.51481                   1
          163.524283             0.51484                   1
          173.477007             0.51475                   1
          207.359886             0.51475                   1
          217.312555             0.51481                   1
          239.230337             0.51477                   1
          249.214271             0.51476                   1
          271.117083             0.52969                   1
          279.103582             0.51476                   1
          287.075091             0.51474                   1
          295.046548             0.51483                   1
          314.983183             0.51481                   1
