            8.026038             0.71770                   1
           15.997333             0.74614                   1
           17.994098             0.57332                   1
           31.940172             0.59482                   1
           39.927166             0.65559                   1
           43.905124             0.56548                   1
           47.883063             0.57139                   1
           69.816122             0.67768                   1
           77.803192             0.84241                   1
           85.743371             0.59796                   1
          103.698584             0.58618                   1
          107.676410             0.71223                   1
          115.632332             0.64406                   1
          121.622604             0.62158                   1
          157.517407             0.70169                   1
          167.485565             0.54920                   1
          233.347300             0.62149                   1
          255.296042             0.52006                   1
          257.277184             0.61883                   1
          275.216819             0.55866                   1
          289.147277             0.57174                   1
          305.074520             0.54006                   1
          321.017303             0.80478                   1
          332.982332             0.67135                   1
