           45.901924             0.51473                   1
           57.866812             0.51476                   1
           67.834975             0.51478                   1
           81.781047             0.51482                   1
           83.762217             0.51476                   1
           99.720648             0.51481                   1
          125.584832             0.51526                   1
          129.578406             0.51472                   1
          137.565425             0.51479                   1
          149.530362             0.51484                   1
          165.504465             0.51474                   1
          207.389446             0.51480                   1
          235.328443             0.51481                   1
          267.245399             0.51474                   1
          281.175822             0.51479                   1
          285.169370             0.51476                   1
          291.144020             0.51480                   1
          293.125202             0.51476                   1
          299.084780             0.52981                   1
          309.068095             0.51472                   1
          315.027102             0.51476                   1
          322.998530             0.51476                   1
          338.972592             0.51477                   1
          340.953771             0.51476                   1
