           14.016201             0.66332                   1
           23.968773             0.75047                   1
           29.959025             0.63201                   1
           61.844743             0.64129                   1
           79.784296             0.57323                   1
           89.721846             0.57934                   1
          111.670048             0.67049                   1
          113.651192             0.66528                   1
          123.603737             0.54440                   1
          145.552462             0.66699                   1
          179.466054             0.64035                   1
          185.456397             0.71381                   1
          189.434221             0.61587                   1
          191.431026             0.62700                   1
          195.408935             0.64097                   1
          219.385582             0.58362                   1
          225.360278             0.54475                   1
          241.318729             0.54582                   1
          251.302507             0.64973                   1
          259.258329             0.62964                   1
          273.220982             0.57056                   1
          279.194663             0.66870                   1
          295.106337             0.73256                   1
          313.045941             0.53638                   1
