           45.901924             0.69661                   1
           57.866812             0.59534                   1
           67.834975             0.61888                   1
           81.781047             0.89641                   1
           83.762217             0.67518                   1
           99.720648             0.59625                   1
          125.584832             0.59523                   1
          129.578406             0.63354                   1
          137.565425             0.64627                   1
          149.530362             0.55294                   1
          165.504465             0.54636                   1
          207.389446             0.85211                   1
          235.328443             0.63229                   1
          267.245399             0.65835                   1
          281.175822             0.61546                   1
          285.169370             0.74184                   1
          291.144020             0.68699                   1
          293.125202             0.55370                   1
          299.084780             0.68194                   1
          309.068095             0.54633                   1
          315.027102             0.89916                   1
          322.998530             0.57546                   1
          338.972592             0.67291                   1
          340.953771             0.65164                   1
