           14.016201             0.51475                   1
           23.968773             0.51475                   1
           29.959025             0.51478                   1
           61.844743             0.51470                   1
           79.784296             0.51484                   1
           89.721846             0.51529                   1
          111.670048             0.51468                   1
          113.651192             0.51475                   1
          123.603737             0.51475                   1
          145.552462             0.51476                   1
          179.466054             0.51481                   1
          185.456397             0.51477                   1
          189.434221             0.51478                   1
          191.431026             0.51483                   1
          195.408935             0.51472                   1
          219.385582             0.51484                   1
          225.360278             0.51477                   1
          241.318729             0.51478                   1
          251.302507             0.51476                   1
          259.258329             0.51481                   1
          273.220982             0.52949                   1
          279.194663             0.51484                   1
          295.106337             0.51485                   1
          313.045941             0.51477                   1
