            8.026038             0.51488                   1
           15.997333             0.51477                   1
           17.994098             0.51479                   1
           31.940172             0.51472                   1
           39.927166             0.51476                   1
           43.905124             0.51474                   1
           47.883063             0.51473                   1
           69.816122             0.51482                   1
           77.803192             0.51473                   1
           85.743371             0.51479                   1
          103.698584             0.51483                   1
          107.676410             0.51514                   1
          115.632332             0.51473                   1
          121.622604             0.51472                   1
          157.517407             0.51476                   1
          167.485565             0.51484                   1
          233.347300             0.51477                   1
          255.296042             0.51472                   1
          257.277184             0.51476                   1
          275.216819             0.51478                   1
          289.147277             0.51475                   1
          305.074520             0.51472                   1
          321.017303             0.51484                   1
          332.982332             0.51473                   1
