           19.950441             0.51663                   1
           23.933517             0.51657                   1
           39.898851             0.51662                   1
           47.864885             0.51662                   1
           71.812970             0.51662                   1
           89.711547             0.51662                   1
           91.694711             0.51664                   1
           95.661069             0.51661                   1
          101.643928             0.51662                   1
          125.525349             0.51662                   1
          157.472804             0.51662                   1
          177.404546             0.51661                   1
          189.353588             0.51662                   1
          197.336280             0.51663                   1
          199.319466             0.51662                   1
          203.302483             0.51661                   1
          219.301200             0.51662                   1
          243.249294             0.51662                   1
          259.198024             0.51662                   1
          281.129606             0.51663                   1
          297.078337             0.51663                   1
          307.027532             0.51663                   1
          313.010400             0.51662                   1
          328.992459             0.51662                   1
