           10.001245             0.67044                   1
           13.967592             0.60803                   1
           37.915681             0.68325                   1
           73.796147             0.86580                   1
           79.779006             0.78684                   1
           85.745190             1.32448                   1
           93.677888             0.61557                   1
          115.576144             0.78878                   1
          127.541911             0.83866                   1
          137.524397             0.76792                   1
          167.438675             0.83684                   1
          169.421848             1.25360                   1
          181.387555             0.73558                   1
          193.336607             0.73022                   1
          233.283423             0.64639                   1
          241.266121             1.28744                   1
          249.232153             1.03320                   1
          261.181195             0.90785                   1
          267.164061             0.80483                   1
          277.146597             0.82204                   1
          289.112308             0.74400                   1
          317.010080             0.70956                   1
          340.974833             0.80011                   1
