            8.018067             0.51662                   1
           11.984413             0.51663                   1
           31.932826             0.51662                   1
           45.881710             0.51662                   1
           57.847422             0.51662                   1
           69.829799             0.51662                   1
           87.728366             0.51662                   1
          105.626931             0.51663                   1
          107.610118             0.51661                   1
          111.593124             0.51663                   1
          113.576306             0.51662                   1
          119.559163             0.51662                   1
          123.542180             0.51662                   1
          139.507570             0.51662                   1
          159.455977             0.51662                   1
          183.370734             0.51662                   1
          205.335704             0.51656                   1
          227.300593             0.51659                   1
          255.215008             0.51663                   1
          293.095320             0.51662                   1
          299.061515             0.51662                   1
          303.044517             0.51663                   1
