            8.018067             0.74166                   1
           11.984413             0.66320                   1
           31.932826             1.24224                   1
           45.881710             0.89300                   1
           57.847422             0.75898                   1
           69.829799             1.02425                   1
           87.728366             0.81325                   1
          105.626931             0.77022                   1
          107.610118             0.73100                   1
          111.593124             0.70788                   1
          113.576306             1.05266                   1
          119.559163             0.94960                   1
          123.542180             1.27848                   1
          139.507570             0.96070                   1
          159.455977             0.84378                   1
          183.370734             0.88037                   1
          205.335704             1.13881                   1
          227.300593             1.07730                   1
          255.215008             0.90621                   1
          293.095320             0.69694                   1
          299.061515             0.87455                   1
          303.044517             0.72348                   1
