           19.950441             0.73698                   1
           23.933517             0.76977                   1
           39.898851             0.99605                   1
           47.864885             0.70176                   1
           71.812970             0.71308                   1
           89.711547             0.87801                   1
           91.694711             0.74281                   1
           95.661069             0.74437                   1
          101.643928             0.66532                   1
          125.525349             1.40727                   1
          157.472804             0.81895                   1
          177.404546             0.77473                   1
          189.353588             1.17736                   1
          197.336280             0.87443                   1
          199.319466             0.89124                   1
          203.302483             1.42810                   1
          219.301200             0.97296                   1
          243.249294             1.10423                   1
          259.198024             1.19507                   1
          281.129606             1.44689                   1
          297.078337             0.82576                   1
          307.027532             1.04430                   1
          313.010400             1.15728                   1
          328.992459             0.97484                   1
