           10.001245             0.51662                   1
           13.967592             0.51662                   1
           37.915681             0.51662                   1
           73.796147             0.51662                   1
           79.779006             0.51662                   1
           85.745190             0.51664                   1
           93.677888             0.51663                   1
          115.576144             0.51664                   1
          127.541911             0.51657                   1
          137.524397             0.51663                   1
          167.438675             0.51662                   1
          169.421848             0.51662                   1
          181.387555             0.51663                   1
          193.336607             0.51662                   1
          233.283423             0.51662                   1
          241.266121             0.51662                   1
          249.232153             0.51662                   1
          261.181195             0.51662                   1
          267.164061             0.51662                   1
          277.146597             0.51662                   1
          289.112308             0.51662                   1
          317.010080             0.51662                   1
          340.974833             0.51662                   1
