            8.024441             0.51503                   1
           12.002169             0.51478                   1
           31.938561             0.51478                   1
           45.900187             0.51484                   1
           57.865179             0.51479                   1
           69.845695             0.51482                   1
           87.754138             0.51478                   1
          105.662527             0.51469                   1
          107.643597             0.51479                   1
          111.637205             0.51472                   1
          113.618370             0.51462                   1
          119.593042             0.51478                   1
          123.570874             0.51480                   1
          139.513757             0.51481                   1
          149.497540             0.51475                   1
          159.465722             0.51479                   1
          183.379998             0.51523                   1
          205.297569             0.51477                   1
          213.284577             0.51474                   1
          227.246233             0.51474                   1
          255.169594             0.51471                   1
          293.061171             0.51475                   1
          299.035862             0.51467                   1
          303.014072             0.51537                   1
