           19.973609             0.62570                   1
           23.951546             0.61566                   1
           39.909966             0.88075                   1
           47.881357             1.05314                   1
           71.826858             0.67490                   1
           89.735292             0.62989                   1
           91.732099             0.61704                   1
           95.694398             0.59855                   1
          101.684590             0.58422                   1
          125.552071             0.86797                   1
          157.484640             0.71043                   1
          177.420975             0.76547                   1
          197.341699             0.58818                   1
          199.322869             0.65496                   1
          203.316357             0.60534                   1
          219.259177             0.74196                   1
          243.204710             0.80366                   1
          259.163120             0.66084                   1
          281.096288             0.80694                   1
          297.054672             0.75209                   1
          307.007241             0.65522                   1
          312.997515             0.64078                   1
          328.955957             0.69786                   1
