            8.024441             0.66329                   1
           12.002169             0.55743                   1
           31.938561             0.70041                   1
           45.900187             0.60232                   1
           57.865179             0.63700                   1
           69.845695             0.65609                   1
           87.754138             0.74712                   1
          105.662527             0.59814                   1
          107.643597             0.54500                   1
          111.637205             0.58328                   1
          113.618370             0.65004                   1
          119.593042             1.07520                   1
          123.570874             0.70521                   1
          139.513757             0.83390                   1
          149.497540             0.80976                   1
          159.465722             0.65728                   1
          183.379998             0.67025                   1
          205.297569             0.62406                   1
          213.284577             0.62881                   1
          227.246233             0.69072                   1
          255.169594             0.79847                   1
          293.061171             0.64974                   1
          299.035862             0.84288                   1
          303.014072             0.73652                   1
