           10.021031             0.51484                   1
           13.983347             0.51480                   1
           37.928842             0.51482                   1
           73.823599             0.51479                   1
           79.798293             0.51472                   1
           83.791813             0.51474                   1
           85.772928             0.51482                   1
           93.713250             0.51471                   1
          115.599505             0.51478                   1
          127.533214             0.51539                   1
          137.517880             0.52944                   1
          167.452783             0.51480                   1
          169.433847             0.51486                   1
          181.398853             0.51475                   1
          193.349180             0.52937                   1
          233.236498             0.51481                   1
          241.223518             0.51475                   1
          249.194944             0.51481                   1
          261.144193             0.51492                   1
          277.118341             0.51478                   1
          289.083222             0.51482                   1
          316.975451             0.51475                   1
          340.952095             0.51481                   1
