           19.973609             0.51477                   1
           23.951546             0.51477                   1
           39.909966             0.51483                   1
           47.881357             0.51486                   1
           71.826858             0.51479                   1
           89.735292             0.51475                   1
           91.732099             0.51475                   1
           95.694398             0.51471                   1
          101.684590             0.51483                   1
          125.552071             0.51472                   1
          157.484640             0.51466                   1
          177.420975             0.51474                   1
          197.341699             0.51478                   1
          199.322869             0.51480                   1
          203.316357             0.51476                   1
          219.259177             0.51476                   1
          243.204710             0.51472                   1
          259.163120             0.51480                   1
          281.096288             0.51469                   1
          297.054672             0.51474                   1
          307.007241             0.51479                   1
          312.997515             0.51479                   1
          328.955957             0.51482                   1
