           13.992394             1.03123                   1
           15.975556             1.10403                   1
           51.872793             1.06994                   1
           67.821566             1.03280                   1
           75.804278             1.15389                   1
           83.770338             1.17170                   1
           87.736697             1.16519                   1
           91.703076             1.11872                   1
          105.651989             1.10550                   1
          107.635167             0.98628                   1
          173.446772             1.14916                   1
          179.412988             1.17475                   1
          199.378108             0.98520                   1
          207.344158             1.05897                   1
          213.327025             1.20395                   1
          225.292773             1.09390                   1
          229.275800             1.09479                   1
          237.258522             1.14388                   1
          245.207909             0.93030                   1
          255.173807             1.27617                   1
          301.053610             1.16329                   1
          324.968431             1.22392                   1
          326.951613             1.10468                   1
          340.883867             0.94819                   1
