           13.992394             0.51661                   1
           15.975556             0.51662                   1
           51.872793             0.51662                   1
           67.821566             0.51662                   1
           75.804278             0.51662                   1
           83.770338             0.51664                   1
           87.736697             0.51663                   1
           91.703076             0.51662                   1
          105.651989             0.51662                   1
          107.635167             0.51662                   1
          173.446772             0.51662                   1
          179.412988             0.51662                   1
          199.378108             0.51662                   1
          207.344158             0.51663                   1
          213.327025             0.51662                   1
          225.292773             0.51663                   1
          229.275800             0.51662                   1
          237.258522             0.51660                   1
          245.207909             0.51665                   1
          255.173807             0.51662                   1
          301.053610             0.51662                   1
          324.968431             0.51661                   1
          326.951613             0.51663                   1
          340.883867             0.51663                   1
