            8.026171             1.12557                   1
           10.009351             1.09436                   1
           41.906896             1.22012                   1
           47.906433             1.36440                   1
           57.855665             1.04696                   1
           85.753515             1.22043                   1
           93.686238             0.93553                   1
           95.669393             0.84833                   1
          117.601057             1.10019                   1
          139.549377             1.03932                   1
          165.480715             1.14735                   1
          177.429797             1.14205                   1
          203.361160             1.01002                   1
          217.310058             1.31680                   1
          227.275974             1.07064                   1
          241.224984             1.07331                   1
          267.156234             1.11749                   1
          273.139091             1.20648                   1
          285.088171             1.10516                   1
          295.070734             1.10633                   1
          309.019657             0.65313                   1
          318.985566             1.01493                   1
          330.934640             1.06557                   1
          338.900684             1.04334                   1
