           25.958143             1.05718                   1
           29.941170             1.05806                   1
           31.924320             1.08290                   1
           49.889601             1.00520                   1
           59.838845             0.98371                   1
           81.787152             1.03487                   1
           89.719880             0.90198                   1
          111.618193             0.95513                   1
          125.583787             1.21324                   1
          129.566819             0.98212                   1
          135.566351             1.02243                   1
          151.531791             1.14460                   1
          153.514967             1.08938                   1
          157.497998             1.10629                   1
          167.463901             1.13214                   1
          187.395848             1.15973                   1
          239.241699             1.04072                   1
          251.190804             1.01929                   1
          275.122280             1.38325                   1
          277.105461             0.97601                   1
          305.036643             1.10819                   1
          313.002688             1.22196                   1
          322.985262             1.16715                   1
          336.917509             0.97862                   1
