            8.026171             0.51662                   1
           10.009351             0.51662                   1
           41.906896             0.51662                   1
           47.906433             0.51662                   1
           57.855665             0.51662                   1
           85.753515             0.51661                   1
           93.686238             0.51663                   1
           95.669393             0.51665                   1
          117.601057             0.51664                   1
          139.549377             0.51664                   1
          165.480715             0.51662                   1
          177.429797             0.51662                   1
          203.361160             0.51660                   1
          217.310058             0.51662                   1
          227.275974             0.51660                   1
          241.224984             0.51652                   1
          267.156234             0.51661                   1
          273.139091             0.51660                   1
          285.088171             0.51661                   1
          295.070734             0.51662                   1
          309.019657             0.51662                   1
          318.985566             0.51662                   1
          330.934640             0.51662                   1
          338.900684             0.51663                   1
