           25.958143             0.51660                   1
           29.941170             0.51660                   1
           31.924320             0.51662                   1
           49.889601             0.51664                   1
           59.838845             0.51664                   1
           81.787152             0.51662                   1
           89.719880             0.51662                   1
          111.618193             0.51662                   1
          125.583787             0.51662                   1
          129.566819             0.51662                   1
          135.566351             0.51662                   1
          151.531791             0.51662                   1
          153.514967             0.51663                   1
          157.497998             0.51662                   1
          167.463901             0.51662                   1
          187.395848             0.51648                   1
          239.241699             0.51659                   1
          251.190804             0.51661                   1
          275.122280             0.51661                   1
          277.105461             0.51661                   1
          305.036643             0.51661                   1
          313.002688             0.51665                   1
          322.985262             0.51661                   1
          336.917509             0.51663                   1
