           14.000757             0.80680                   1
           15.981834             0.58563                   1
           51.876706             1.12166                   1
           67.835182             1.35463                   1
           75.822200             1.10340                   1
           83.793677             0.57969                   1
           87.755932             0.64130                   1
           91.733808             0.85532                   1
          105.679937             0.86878                   1
          107.661055             0.71957                   1
          173.476079             0.76649                   1
          179.450674             0.67972                   1
          207.389661             0.72387                   1
          213.379930             0.98140                   1
          225.344869             0.76010                   1
          229.307117             0.58979                   1
          237.294203             1.16241                   1
          245.249978             0.65441                   1
          255.218206             1.19780                   1
          301.112410             0.52628                   1
          327.007844             0.79002                   1
          340.953932             0.66751                   1
