           14.000757             0.51477                   1
           15.981834             0.51486                   1
           51.876706             0.51483                   1
           67.835182             0.51476                   1
           75.822200             0.51475                   1
           83.793677             0.51471                   1
           87.755932             0.51476                   1
           91.733808             0.51485                   1
          105.679937             0.51477                   1
          107.661055             0.51477                   1
          173.476079             0.51468                   1
          179.450674             0.51484                   1
          207.389661             0.51477                   1
          213.379930             0.51477                   1
          225.344869             0.51476                   1
          229.307117             0.51483                   1
          237.294203             0.51478                   1
          245.249978             0.51481                   1
          255.218206             0.51481                   1
          301.112410             0.51477                   1
          327.007844             0.51475                   1
          340.953932             0.51473                   1
