            8.026320             0.51485                   1
           10.022860             0.51477                   1
           41.924169             0.51479                   1
           47.914364             0.51484                   1
           57.867032             0.51472                   1
           85.774830             0.51475                   1
           93.714989             0.51479                   1
           95.696154             0.51477                   1
          117.629258             0.51478                   1
          139.577949             0.51488                   1
          165.505140             0.52991                   1
          177.469516             0.51484                   1
          203.411776             0.51474                   1
          217.357853             0.51479                   1
          227.326016             0.51484                   1
          241.272165             0.51464                   1
          285.153866             0.51489                   1
          295.137747             0.51481                   1
          309.083848             0.51472                   1
          319.052003             0.51479                   1
          338.957136             0.51479                   1
