           25.965643             0.72951                   1
           29.959208             0.70380                   1
           31.940367             1.34658                   1
           49.895562             0.72690                   1
           59.848117             0.72601                   1
           81.796820             0.75260                   1
           89.737061             0.51611                   1
          111.654567             0.75796                   1
          125.616284             0.69980                   1
          129.609789             0.93812                   1
          135.584445             0.74732                   1
          151.558493             0.93275                   1
          153.539664             0.87156                   1
          157.533185             0.78991                   1
          167.501337             0.97342                   1
          187.437697             0.81245                   1
          239.275620             0.61297                   1
          251.240260             0.70397                   1
          275.170127             0.72535                   1
          277.166879             0.76055                   1
          305.105840             0.72473                   1
          313.077324             0.70498                   1
          323.045545             0.70446                   1
          336.976013             0.63757                   1
