            8.026320             1.18140                   1
           10.022860             0.53679                   1
           41.924169             0.81049                   1
           47.914364             0.90810                   1
           57.867032             0.70715                   1
           85.774830             0.78250                   1
           93.714989             0.71409                   1
           95.696154             0.82884                   1
          117.629258             0.89507                   1
          139.577949             0.73769                   1
          165.505140             0.69770                   1
          177.469516             1.01294                   1
          203.411776             1.38186                   1
          217.357853             1.29934                   1
          227.326016             0.65095                   1
          241.272165             0.57632                   1
          285.153866             1.00520                   1
          295.137747             1.43705                   1
          309.083848             0.63459                   1
          319.052003             0.66610                   1
          338.957136             0.65638                   1
