           25.965643             0.51475                   1
           29.959208             0.51486                   1
           31.940367             0.51478                   1
           49.895562             0.51473                   1
           59.848117             0.51481                   1
           81.796820             0.51480                   1
           89.737061             0.51481                   1
          111.654567             0.51484                   1
          125.616284             0.51481                   1
          129.609789             0.51476                   1
          135.584445             0.51475                   1
          151.558493             0.51483                   1
          153.539664             0.51478                   1
          157.533185             0.51475                   1
          167.501337             0.51482                   1
          187.437697             0.51473                   1
          239.275620             0.51551                   1
          251.240260             0.51481                   1
          275.170127             0.51485                   1
          277.166879             0.51484                   1
          305.105840             0.51487                   1
          313.077324             0.51478                   1
          323.045545             0.51479                   1
          336.976013             0.51478                   1
