           14.020418             0.66713                   1
           23.973030             0.71418                   1
           41.943828             0.68681                   1
           45.922457             0.78809                   1
           55.905545             0.66072                   1
           57.886637             0.54354                   1
           86.387185             0.77015                   1
          102.345708             0.75512                   1
          110.301511             0.63910                   1
          132.234622             1.03328                   1
          148.208639             0.80274                   1
          154.198928             1.10829                   1
          176.132053             0.73450                   1
          182.106734             0.78363                   1
          188.065816             0.78436                   1
          229.919672             0.57721                   1
          231.900868             0.70793                   1
          237.891079             0.64556                   1
          255.846243             0.75381                   1
          271.757933             1.07365                   1
          307.652680             1.05783                   1
