           16.001566             0.51480                   1
           74.422308             0.51476                   1
           80.412592             0.51480                   1
           92.377499             0.51467                   1
           94.358696             0.51472                   1
          104.326820             0.51475                   1
          122.282025             0.51476                   1
          124.263240             0.51466                   1
          156.180081             0.51475                   1
          164.167102             0.51480                   1
          168.145015             0.51486                   1
          192.059302             0.51472                   1
          194.040439             0.51482                   1
          196.021626             0.51477                   1
          198.002682             0.51517                   1
          215.973600             0.51470                   1
          225.926111             0.51521                   1
          249.856039             0.51479                   1
          257.827430             0.51482                   1
          263.802151             0.51479                   1
          287.731963             0.51469                   1
          289.713116             0.51473                   1
          331.598228             0.51477                   1
          335.560470             0.51479                   1
