           17.998368             0.51483                   1
           31.960046             0.51473                   1
           53.908755             0.51476                   1
           63.861322             0.51541                   1
           65.858110             0.51474                   1
           68.432034             0.51476                   1
          128.256759             0.51469                   1
          140.221666             0.51475                   1
          180.109925             0.51479                   1
          186.084602             0.51483                   1
          209.998898             0.51477                   1
          219.967046             0.51483                   1
          223.944951             0.51484                   1
          247.874867             0.51479                   1
          261.805321             0.51485                   1
          267.779984             0.51481                   1
          301.693644             0.51479                   1
          305.671541             0.51479                   1
          309.649514             0.51476                   1
          319.633282             0.51473                   1
          323.611183             0.51477                   1
          341.550803             0.51470                   1
