           14.020418             0.51476                   1
           23.973030             0.51469                   1
           41.943828             0.51472                   1
           45.922457             0.52968                   1
           55.905545             0.51477                   1
           57.886637             0.51485                   1
           86.387185             0.51485                   1
          102.345708             0.51474                   1
          110.301511             0.51475                   1
          132.234622             0.51478                   1
          148.208639             0.51481                   1
          154.198928             0.51480                   1
          176.132053             0.51478                   1
          182.106734             0.51477                   1
          188.065816             0.51467                   1
          229.919672             0.51476                   1
          231.900868             0.51468                   1
          237.891079             0.51478                   1
          255.846243             0.51471                   1
          271.757933             0.51525                   1
          307.652680             0.51485                   1
