           14.033546             0.51480                   1
           23.986232             0.51484                   1
           29.961746             0.52970                   1
           61.862631             0.51483                   1
           79.802529             0.51472                   1
           89.739598             0.51480                   1
          111.672940             0.51480                   1
          113.669730             0.51481                   1
          123.622497             0.51475                   1
          145.555797             0.51480                   1
          179.485499             0.51471                   1
          185.460216             0.51486                   1
          189.453853             0.51473                   1
          191.434988             0.51478                   1
          195.412964             0.51480                   1
          219.389918             0.51477                   1
          225.365383             0.52967                   1
          241.323282             0.51479                   1
          251.307120             0.51484                   1
          259.263074             0.51480                   1
          273.240603             0.51478                   1
          279.199694             0.51471                   1
          295.111534             0.51481                   1
          313.051391             0.51475                   1
