           14.033546             0.51817                   1
           23.986232             0.54132                   1
           29.961746             0.59770                   1
           61.862631             0.87221                   1
           79.802529             0.61196                   1
           89.739598             0.61070                   1
          111.672940             0.78896                   1
          113.669730             0.60817                   1
          123.622497             0.73516                   1
          145.555797             0.94544                   1
          179.485499             0.67913                   1
          185.460216             0.57631                   1
          189.453853             0.66256                   1
          191.434988             0.58541                   1
          195.412964             0.55934                   1
          219.389918             0.62998                   1
          225.365383             0.59038                   1
          241.323282             0.52018                   1
          251.307120             0.60015                   1
          259.263074             0.89204                   1
          273.240603             0.58625                   1
          279.199694             0.57904                   1
          295.111534             0.59491                   1
          313.051391             0.83073                   1
