           45.904009             0.77512                   1
           57.884743             0.59419                   1
           67.852980             0.60975                   1
           81.783655             0.71880                   1
           83.764853             0.65756                   1
           99.723480             0.55467                   1
          125.603665             0.65798                   1
          129.581554             0.57600                   1
          137.568710             0.59671                   1
          149.533761             0.67141                   1
          165.508039             0.64086                   1
          235.348515             0.56707                   1
          267.250244             0.74472                   1
          281.196503             0.63821                   1
          285.174409             0.67622                   1
          291.149198             0.54132                   1
          293.130342             0.60016                   1
          299.090199             0.63219                   1
          309.073419             0.64078                   1
          315.032543             0.78551                   1
          323.004111             0.57382                   1
          338.978271             0.60735                   1
          340.959434             0.65816                   1
