            8.043196             0.70859                   1
           16.014704             0.44903                   1
           17.995892             0.42776                   1
           31.957779             0.61762                   1
           39.944905             0.64631                   1
           43.922840             0.62833                   1
           47.885245             0.54587                   1
           69.834184             0.64450                   1
           77.821343             0.54520                   1
           85.761556             0.55683                   1
          103.701780             0.62426                   1
          107.695039             0.61491                   1
          115.650944             0.65887                   1
          121.625657             0.59607                   1
          157.520892             0.64411                   1
          167.489195             0.56366                   1
          233.351703             0.53194                   1
          255.300777             0.84638                   1
          257.281907             0.71323                   1
          275.221707             0.59710                   1
          289.152394             1.00216                   1
          305.079862             0.57842                   1
          321.022811             0.45918                   1
          332.987986             0.42979                   1
