            8.043196             0.51482                   1
           16.014704             0.51476                   1
           17.995892             0.51480                   1
           31.957779             0.51479                   1
           39.944905             0.51480                   1
           43.922840             0.51483                   1
           47.885245             0.51531                   1
           69.834184             0.51478                   1
           77.821343             0.51476                   1
           85.761556             0.51480                   1
          103.701780             0.51528                   1
          107.695039             0.51472                   1
          115.650944             0.51470                   1
          121.625657             0.51498                   1
          157.520892             0.51477                   1
          167.489195             0.51478                   1
          233.351703             0.51486                   1
          255.300777             0.51470                   1
          257.281907             0.51476                   1
          275.221707             0.51484                   1
          289.152394             0.51476                   1
          305.079862             0.51477                   1
          321.022811             0.51485                   1
          332.987986             0.51478                   1
