           10.021860             0.51480                   1
           43.919930             0.51473                   1
           65.868600             0.51482                   1
           67.849748             0.51474                   1
           85.804987             0.51471                   1
           91.779608             0.51474                   1
          113.728330             0.51487                   1
          117.690662             0.51473                   1
          131.652320             0.51482                   1
          157.578922             0.51514                   1
          165.534794             0.51474                   1
          167.531475             0.51489                   1
          177.499729             0.51481                   1
          181.462045             0.51478                   1
          189.449069             0.51481                   1
          197.420481             0.51478                   1
          203.379520             0.51481                   1
          231.302950             0.51479                   1
          245.249068             0.51469                   1
          259.195110             0.51475                   1
          261.191866             0.51479                   1
          271.175643             0.51483                   1
          289.115237             0.51487                   1
          324.978831             0.51535                   1
