            8.025298             0.51492                   1
           23.983539             0.51480                   1
           33.951743             0.51474                   1
           41.938687             0.51483                   1
           47.913398             0.51490                   1
           93.776416             0.51469                   1
          115.709516             0.51474                   1
          125.662063             0.51478                   1
          149.607534             0.51487                   1
          159.575735             0.51477                   1
          163.553640             0.51482                   1
          173.506211             0.51478                   1
          193.426982             0.51476                   1
          199.401667             0.51474                   1
          213.363365             0.51545                   1
          215.360136             0.51471                   1
          221.334756             0.51478                   1
          241.271089             0.51532                   1
          285.137383             0.51477                   1
          293.093177             0.51471                   1
          313.045149             0.51476                   1
          315.026287             0.51474                   1
          321.016572             0.51476                   1
          326.975622             0.51481                   1
