           17.987088             0.71645                   1
           27.953012             0.65434                   1
           53.867755             0.78704                   1
           55.850928             0.80386                   1
           73.799600             0.64679                   1
           81.782354             0.84787                   1
          103.730722             0.71506                   1
          109.713611             0.68407                   1
          121.646057             0.69541                   1
          147.577468             0.81941                   1
          179.441765             0.65845                   1
          229.271410             1.01977                   1
          235.237647             0.74949                   1
          243.203703             0.82320                   1
          247.170069             0.68879                   1
          251.153106             0.64165                   1
          277.101193             0.64506                   1
          287.067114             0.62291                   1
          297.016372             0.87346                   1
          308.998827             1.11472                   1
          322.931123             0.91018                   1
          338.879945             1.08100                   1
          340.863115             0.73779                   1
