            8.021167             0.90659                   1
           23.969988             0.81351                   1
           33.935951             0.69526                   1
           41.918642             0.85641                   1
           47.884885             0.82606                   1
           93.748117             0.91387                   1
          115.679831             0.63772                   1
          125.629095             0.92024                   1
          159.526569             0.75808                   1
          163.509629             1.33493                   1
          193.390752             0.98920                   1
          199.356956             0.76686                   1
          213.322598             1.16892                   1
          215.305766             0.77772                   1
          221.288667             0.93869                   1
          241.220523             0.95043                   1
          285.083933             0.64613                   1
          293.033344             0.87257                   1
          312.981862             0.74761                   1
          314.965046             0.70843                   1
          320.947940             0.80540                   1
          326.897499             0.78372                   1
