            8.021167             0.51662                   1
           23.969988             0.51662                   1
           33.935951             0.51657                   1
           41.918642             0.51662                   1
           47.884885             0.51660                   1
           93.748117             0.51663                   1
          115.679831             0.51663                   1
          125.629095             0.51662                   1
          159.526569             0.51662                   1
          163.509629             0.51660                   1
          193.390752             0.51661                   1
          199.356956             0.51663                   1
          213.322598             0.51660                   1
          215.305766             0.51663                   1
          221.288667             0.51662                   1
          241.220523             0.51662                   1
          285.083933             0.51662                   1
          293.033344             0.51662                   1
          312.981862             0.51662                   1
          314.965046             0.51663                   1
          320.947940             0.51662                   1
          326.897499             0.51662                   1
