           10.004351             0.69939                   1
           43.901823             0.72920                   1
           65.833526             0.71705                   1
           67.816707             0.78181                   1
           85.782053             0.87211                   1
           91.764944             0.72108                   1
          113.696648             0.69294                   1
          117.663022             0.91047                   1
          131.611976             0.93722                   1
          157.543397             1.17328                   1
          167.475982             0.76849                   1
          177.458584             1.18568                   1
          181.424956             0.61923                   1
          189.407699             0.78031                   1
          197.373775             0.71808                   1
          203.339988             0.67175                   1
          231.254593             0.85255                   1
          245.186894             0.69602                   1
          259.135854             0.74675                   1
          261.119035             0.69954                   1
          271.118315             0.86002                   1
          289.050302             0.53570                   1
          324.914309             1.01494                   1
