           17.987088             0.51662                   1
           27.953012             0.51662                   1
           53.867755             0.51662                   1
           55.850928             0.51664                   1
           73.799600             0.51663                   1
           81.782354             0.51662                   1
          103.730722             0.51661                   1
          109.713611             0.51662                   1
          121.646057             0.51662                   1
          147.577468             0.51662                   1
          179.441765             0.51663                   1
          229.271410             0.51662                   1
          235.237647             0.51661                   1
          243.203703             0.51662                   1
          247.170069             0.51663                   1
          251.153106             0.51663                   1
          277.101193             0.51662                   1
          287.067114             0.51663                   1
          297.016372             0.51663                   1
          308.998827             0.51662                   1
          322.931123             0.51663                   1
          338.879945             0.51662                   1
          340.863115             0.51664                   1
