           25.961338             0.51661                   1
           29.944378             0.51659                   1
           49.876086             0.51662                   1
           59.825301             0.51660                   1
           81.790204             0.51662                   1
           89.722905             0.51662                   1
          111.621145             0.51663                   1
          129.569720             0.51662                   1
          135.552569             0.51663                   1
          153.501138             0.51662                   1
          157.484163             0.51661                   1
          167.466684             0.51662                   1
          187.398437             0.51662                   1
          239.227618             0.51664                   1
          251.176670             0.51663                   1
          275.124760             0.51662                   1
          277.107933             0.51662                   1
          322.970943             0.51662                   1
          336.903167             0.51661                   1
