           25.961338             0.77393                   1
           29.944378             0.76680                   1
           49.876086             0.62656                   1
           59.825301             1.14109                   1
           81.790204             1.15159                   1
           89.722905             0.88272                   1
          111.621145             0.73585                   1
          129.569720             1.13885                   1
          135.552569             0.73986                   1
          153.501138             1.08675                   1
          157.484163             0.87165                   1
          167.466684             0.71288                   1
          187.398437             0.78059                   1
          239.227618             0.62205                   1
          251.176670             0.78468                   1
          275.124760             0.58000                   1
          277.107933             0.53274                   1
          322.970943             0.57255                   1
          336.903167             0.71198                   1
