           13.995619             0.51662                   1
           15.978801             0.51661                   1
           51.859251             0.51663                   1
           67.824653             0.49996                   1
           75.807347             0.51662                   1
           83.773370             0.51663                   1
           87.739724             0.51662                   1
           91.706076             0.51663                   1
          105.654965             0.51662                   1
          107.638138             0.51662                   1
          173.449552             0.51662                   1
          179.415742             0.51662                   1
          207.346844             0.51662                   1
          213.329705             0.51662                   1
          225.295419             0.51661                   1
          229.261755             0.51663                   1
          237.244447             0.51663                   1
          245.193821             0.51662                   1
          255.176355             0.49995                   1
          301.056025             0.51662                   1
          326.937295             0.51662                   1
          340.869506             0.51663                   1
