            8.029431             0.92232                   1
           10.012601             0.69109                   1
           41.910062             0.83277                   1
           47.892930             0.87376                   1
           57.842119             1.14031                   1
           85.756555             1.41713                   1
           93.689249             0.55626                   1
           95.672426             0.53301                   1
          117.604009             0.71284                   1
          139.535590             0.56470                   1
          165.483519             1.31206                   1
          177.432567             0.83473                   1
          203.363830             1.26275                   1
          217.312722             0.96151                   1
          227.278587             0.89138                   1
          241.210807             0.91079                   1
          267.158734             0.68223                   1
          273.141588             0.46722                   1
          285.090635             0.70986                   1
          295.073165             1.31904                   1
          330.920312             0.70296                   1
          338.886334             0.58470                   1
