            8.029431             0.51662                   1
           10.012601             0.51662                   1
           41.910062             0.51662                   1
           47.892930             0.51661                   1
           57.842119             0.51662                   1
           85.756555             0.51663                   1
           93.689249             0.51662                   1
           95.672426             0.51662                   1
          117.604009             0.51662                   1
          139.535590             0.51662                   1
          165.483519             0.51662                   1
          177.432567             0.51662                   1
          203.363830             0.51662                   1
          217.312722             0.51662                   1
          227.278587             0.51662                   1
          241.210807             0.51662                   1
          267.158734             0.51662                   1
          273.141588             0.51662                   1
          285.090635             0.51662                   1
          295.073165             0.51663                   1
          330.920312             0.51662                   1
          338.886334             0.51663                   1
