           13.995619             0.65998                   1
           15.978801             0.60472                   1
           51.859251             0.69136                   1
           67.824653             1.07750                   1
           75.807347             0.92659                   1
           83.773370             1.24040                   1
           87.739724             1.38588                   1
           91.706076             0.71548                   1
          105.654965             0.82222                   1
          107.638138             0.67102                   1
          173.449552             1.14586                   1
          179.415742             0.70749                   1
          207.346844             0.74366                   1
          213.329705             1.09661                   1
          225.295419             0.91462                   1
          229.261755             0.62018                   1
          237.244447             0.58933                   1
          245.193821             0.65567                   1
          255.176355             0.56894                   1
          301.056025             1.28798                   1
          326.937295             0.54208                   1
          340.869506             0.66554                   1
