           12.018715             0.51477                   1
           15.996693             0.51473                   1
           47.929583             0.51471                   1
           51.891882             0.51480                   1
           63.856973             0.51482                   1
           69.847293             0.51484                   1
           89.783903             0.51488                   1
           91.765120             0.51473                   1
          113.714095             0.51480                   1
          123.666800             0.51481                   1
          143.603365             0.51480                   1
          153.571647             0.51485                   1
          167.502451             0.51549                   1
          191.448093             0.51479                   1
          195.410365             0.51515                   1
          229.324597             0.51471                   1
          235.314909             0.51474                   1
          241.289624             0.51475                   1
          249.276772             0.51478                   1
          257.248259             0.51476                   1
          277.169264             0.51474                   1
          323.001588             0.51472                   1
          328.976316             0.51479                   1
          336.948630             0.52962                   1
