           39.942420             0.76879                   1
           87.802762             0.60355                   1
           93.761871             0.92434                   1
           95.743046             0.57512                   1
          101.717912             0.63212                   1
          115.695286             0.70251                   1
          127.644729             0.76085                   1
          139.610217             0.59512                   1
          159.546416             0.60254                   1
          177.487079             0.82955                   1
          193.429308             0.59901                   1
          211.369121             0.68287                   1
          219.340616             0.69520                   1
          259.229453             0.60568                   1
          267.216600             0.62636                   1
          275.188093             0.55874                   1
          283.159603             0.64307                   1
          285.140725             0.62194                   1
          297.105861             0.68055                   1
          299.087048             0.87531                   1
          307.074098             0.69612                   1
          317.042424             0.71161                   1
          321.020404             0.58957                   1
          338.944583             1.31300                   1
