            8.025986             0.51503                   1
           19.990258             0.51478                   1
           25.964882             0.51479                   1
           27.961753             0.51474                   1
           49.910708             0.51481                   1
           61.875807             0.51480                   1
           71.828488             0.51476                   1
           81.812399             0.51479                   1
          119.673210             0.51478                   1
          131.638309             0.51471                   1
          147.581378             0.51467                   1
          155.552864             0.51483                   1
          165.521104             0.51485                   1
          183.476575             0.51476                   1
          207.406743             0.51479                   1
          209.387960             0.51479                   1
          215.362658             0.51480                   1
          253.270283             0.51473                   1
          273.206901             0.51478                   1
          289.118671             0.51479                   1
          309.056308             0.52941                   1
          319.039205             0.51482                   1
          324.982835             0.51468                   1
