           39.942420             0.51479                   1
           87.802762             0.51478                   1
           93.761871             0.51476                   1
           95.743046             0.51478                   1
          101.717912             0.51537                   1
          115.695286             0.51482                   1
          127.644729             0.51480                   1
          139.610217             0.51536                   1
          159.546416             0.51479                   1
          177.487079             0.52953                   1
          193.429308             0.51476                   1
          211.369121             0.51477                   1
          219.340616             0.51478                   1
          259.229453             0.51474                   1
          267.216600             0.51477                   1
          275.188093             0.51466                   1
          283.159603             0.51476                   1
          285.140725             0.51484                   1
          297.105861             0.51474                   1
          299.087048             0.51541                   1
          307.074098             0.51484                   1
          317.042424             0.51475                   1
          321.020404             0.51480                   1
          338.944583             0.51483                   1
