            8.025986             0.53387                   1
           19.990258             0.52133                   1
           25.964882             0.59461                   1
           27.961753             0.54172                   1
           49.910708             0.68834                   1
           61.875807             0.53898                   1
           71.828488             0.53815                   1
           81.812399             0.57002                   1
          119.673210             0.77256                   1
          131.638309             0.55918                   1
          147.581378             0.78380                   1
          155.552864             0.67618                   1
          165.521104             0.50775                   1
          183.476575             0.63192                   1
          207.406743             0.67730                   1
          209.387960             0.52811                   1
          215.362658             0.73723                   1
          253.270283             0.62096                   1
          273.206901             0.69199                   1
          289.118671             0.77191                   1
          309.056308             0.67388                   1
          319.039205             0.64279                   1
          324.982835             0.92305                   1
