           12.018715             0.50104                   1
           15.996693             0.44295                   1
           47.929583             0.62950                   1
           51.891882             0.55511                   1
           63.856973             0.50977                   1
           69.847293             0.53536                   1
           89.783903             0.58249                   1
           91.765120             0.72914                   1
          113.714095             0.65175                   1
          123.666800             1.00287                   1
          143.603365             0.72993                   1
          153.571647             0.68945                   1
          167.502451             0.55836                   1
          191.448093             0.71624                   1
          195.410365             0.54594                   1
          229.324597             0.71908                   1
          235.314909             1.08062                   1
          241.289624             0.58584                   1
          249.276772             0.70256                   1
          257.248259             0.76286                   1
          277.169264             0.48952                   1
          323.001588             0.63233                   1
          328.976316             0.52151                   1
          336.948630             0.67705                   1
