           10.029396             0.51482                   1
           43.927481             0.51472                   1
           65.876194             0.51478                   1
           67.857341             0.51464                   1
           85.812572             0.51470                   1
           91.802794             0.51480                   1
          113.735907             0.51480                   1
          117.698777             0.51527                   1
          131.659889             0.51488                   1
          157.602161             0.51476                   1
          165.558023             0.51478                   1
          167.539145             0.51476                   1
          177.507273             0.51481                   1
          181.485154             0.51485                   1
          189.456640             0.51481                   1
          197.428044             0.51474                   1
          203.402709             0.51481                   1
          231.326135             0.51477                   1
          245.272153             0.51486                   1
          259.218306             0.51480                   1
          261.200211             0.52963                   1
          271.198807             0.51474                   1
          289.138399             0.51475                   1
          325.017671             0.51477                   1
