            8.032794             0.69493                   1
           23.991097             0.51505                   1
           33.959282             0.51958                   1
           41.946339             0.56426                   1
           47.921002             0.49339                   1
           93.783967             0.66904                   1
          115.717073             0.67126                   1
          125.669610             0.58244                   1
          149.615151             0.78814                   1
          159.583211             0.59577                   1
          163.561931             0.62491                   1
          173.529468             0.54504                   1
          193.450146             0.96779                   1
          199.424894             0.71287                   1
          213.386547             0.56679                   1
          215.367653             0.42569                   1
          221.357980             0.53915                   1
          241.294299             0.54617                   1
          285.160507             0.72663                   1
          293.116398             0.62651                   1
          313.068358             0.60193                   1
          315.049419             0.62880                   1
          321.039799             0.55022                   1
          326.998797             0.48704                   1
