           10.029396             0.51505                   1
           43.927481             0.68712                   1
           65.876194             0.54573                   1
           67.857341             0.48450                   1
           85.812572             0.50470                   1
           91.802794             0.69026                   1
          113.735907             0.67647                   1
          117.698777             0.56954                   1
          131.659889             0.54395                   1
          157.602161             0.58489                   1
          165.558023             0.63674                   1
          167.539145             0.51500                   1
          177.507273             0.60714                   1
          181.485154             0.53313                   1
          189.456640             0.63340                   1
          197.428044             0.55778                   1
          203.402709             0.49497                   1
          231.326135             0.57867                   1
          245.272153             0.56024                   1
          259.218306             0.58163                   1
          261.200211             0.68765                   1
          271.198807             0.55274                   1
          289.138399             0.54858                   1
          325.017671             0.60426                   1
