            8.032794             0.51493                   1
           23.991097             0.51484                   1
           33.959282             0.51480                   1
           41.946339             0.51467                   1
           47.921002             0.51468                   1
           93.783967             0.51477                   1
          115.717073             0.51479                   1
          125.669610             0.51480                   1
          149.615151             0.51478                   1
          159.583211             0.51475                   1
          163.561931             0.52962                   1
          173.529468             0.51476                   1
          193.450146             0.51483                   1
          199.424894             0.51472                   1
          213.386547             0.51476                   1
          215.367653             0.51479                   1
          221.357980             0.51473                   1
          241.294299             0.51478                   1
          285.160507             0.51474                   1
          293.116398             0.51480                   1
          313.068358             0.51474                   1
          315.049419             0.51496                   1
          321.039799             0.51470                   1
          326.998797             0.51480                   1
