           27.984660             0.47836                   1
           53.895760             0.63851                   1
           55.892411             0.55381                   1
           73.847618             0.65402                   1
           81.819790             0.57761                   1
          103.767757             0.76494                   1
          109.758100             1.15843                   1
          121.691787             0.58438                   1
          143.640414             0.58705                   1
          147.633902             0.68144                   1
          179.488447             0.57793                   1
          229.344952             0.54389                   1
          235.319640             0.52901                   1
          243.275393             0.52507                   1
          247.253331             0.47497                   1
          251.231255             0.55294                   1
          277.173496             0.49790                   1
          287.141674             0.76139                   1
          297.094350             0.62443                   1
          309.090430             0.68397                   1
          323.020897             0.64909                   1
          338.979307             0.62612                   1
          340.960505             0.57292                   1
