            8.036521             0.51661                   1
           17.985662             0.51664                   1
           31.951135             0.51662                   1
           53.899251             0.51661                   1
           63.848396             0.51662                   1
           65.831560             0.51660                   1
           68.214766             0.51654                   1
          128.026217             0.51662                   1
          139.991857             0.51664                   1
          224.234626             0.51663                   1
          248.165905             0.49995                   1
          262.098032             0.51663                   1
          268.064193             0.51662                   1
          276.030178             0.51664                   1
          305.944300             0.51660                   1
          309.944014             0.51653                   1
          319.943075             0.51662                   1
          323.926066             0.51662                   1
          341.857861             0.51662                   1
