            8.036521             0.59515                   1
           17.985662             0.51679                   1
           31.951135             0.52775                   1
           53.899251             0.64289                   1
           63.848396             0.54948                   1
           65.831560             0.39821                   1
           68.214766             0.54295                   1
          128.026217             0.41758                   1
          139.991857             0.82752                   1
          224.234626             0.64606                   1
          248.165905             0.57799                   1
          262.098032             0.54944                   1
          268.064193             0.63909                   1
          276.030178             0.68085                   1
          305.944300             0.51772                   1
          309.944014             0.44589                   1
          319.943075             0.67850                   1
          323.926066             0.84737                   1
          341.857861             0.61105                   1
