           16.002504             0.51661                   1
           74.197508             0.51661                   1
           80.180324             0.51662                   1
           92.145964             0.51662                   1
           94.129143             0.51660                   1
          104.094927             0.51663                   1
          122.060063             0.51664                   1
          124.043223             0.51662                   1
          155.940485             0.51662                   1
          163.923150             0.51662                   1
          167.906136             0.51660                   1
          191.804065             0.51663                   1
          194.337252             0.51658                   1
          198.303534             0.51660                   1
          226.217797             0.51661                   1
          258.115045             0.51661                   1
          264.081218             0.51660                   1
          288.012483             0.51663                   1
          289.995646             0.51662                   1
          335.875054             0.51661                   1
