           16.002504             0.69288                   1
           74.197508             0.44005                   1
           80.180324             0.49701                   1
           92.145964             0.49096                   1
           94.129143             0.69173                   1
          104.094927             0.70968                   1
          122.060063             0.63990                   1
          124.043223             0.63269                   1
          155.940485             0.62242                   1
          163.923150             0.66349                   1
          167.906136             0.55235                   1
          191.804065             0.45363                   1
          194.337252             0.69642                   1
          198.303534             0.48199                   1
          226.217797             0.78280                   1
          258.115045             0.73252                   1
          264.081218             0.47016                   1
          288.012483             0.72213                   1
          289.995646             0.63490                   1
          335.875054             0.46603                   1
