           14.019340             0.43613                   1
           23.968487             0.43864                   1
           45.916591             0.56183                   1
           57.865584             0.88444                   1
           86.163144             0.58603                   1
          102.111768             0.61286                   1
          110.061100             0.50327                   1
          132.009210             0.57043                   1
          147.974503             0.54069                   1
          230.200767             0.53573                   1
          238.166753             0.63349                   1
          272.047185             0.67194                   1
          299.978126             0.60409                   1
          307.927429             0.51054                   1
          333.891875             0.59323                   1
