          196.320352             0.51662                   1
          216.268648             0.51661                   1
          250.149067             0.51662                   1
          331.908734             0.51660                   1
           41.933612             0.51662                   1
           55.882409             0.51662                   1
          106.078106             0.51660                   1
          153.957350             0.51658                   1
          175.888782             0.51662                   1
          181.854945             0.51660                   1
          187.821090             0.51661                   1
          232.183943             0.51661                   1
          256.131885             0.51665                   1
          185.837936             0.51659                   1
          210.285823             0.51662                   1
          220.251633             0.51662                   1
          301.961283             0.51664                   1
