           14.002364             0.60514                   1
           21.989463             0.67379                   1
           35.936160             0.74265                   1
           37.932296             0.60246                   1
           71.845885             0.75981                   1
           97.803706             0.68118                   1
          107.756300             0.81630                   1
          111.734258             0.76624                   1
          117.708878             0.83145                   1
          131.670624             0.63723                   1
          159.562759             0.59225                   1
          163.540666             0.64623                   1
          167.518586             0.62814                   1
          179.483549             0.70283                   1
          189.436107             0.74996                   1
          205.394546             0.95904                   1
          257.216560             0.57544                   1
          265.187998             0.97171                   1
          279.149702             0.79359                   1
          303.063923             1.46259                   1
          313.032194             0.66209                   1
          336.946406             0.86714                   1
