           27.964116             0.59498                   1
           83.842038             0.63528                   1
           93.825818             0.74720                   1
          103.794042             0.77067                   1
          137.645225             0.91046                   1
          141.638801             0.61275                   1
          157.581593             0.53348                   1
          165.522245             0.64060                   1
          181.464715             0.68159                   1
          187.454890             0.97922                   1
          191.417280             0.53676                   1
          211.353779             0.67157                   1
          215.347145             0.79808                   1
          235.299083             0.75757                   1
          239.277350             0.82718                   1
          247.248438             0.71991                   1
          255.235375             0.79667                   1
          261.210094             0.67776                   1
          277.168527             0.83879                   1
          281.130874             0.78041                   1
          295.108115             1.17066                   1
          311.035399             0.70695                   1
          317.010046             0.67614                   1
