           10.024505             0.51474                   1
           23.970590             0.51481                   1
           45.919311             0.51474                   1
           55.903087             0.51475                   1
           65.871204             0.51480                   1
          109.737450             0.51480                   1
          121.702405             0.51476                   1
          129.689469             0.51466                   1
          147.614328             0.52940                   1
          153.603742             0.51475                   1
          155.584837             0.51476                   1
          177.502340             0.51480                   1
          201.401079             0.51467                   1
          217.328287             0.51478                   1
          241.273779             0.51475                   1
          273.175068             0.51483                   1
          297.089347             0.51477                   1
          307.057488             0.51479                   1
          323.000364             0.51476                   1
          326.978283             0.51476                   1
          334.965247             0.51484                   1
