           10.024505             0.58315                   1
           23.970590             0.48457                   1
           45.919311             0.74325                   1
           55.903087             0.73512                   1
           65.871204             0.61471                   1
          109.737450             0.45904                   1
          121.702405             0.66172                   1
          129.689469             1.46646                   1
          147.614328             0.73301                   1
          153.603742             0.75945                   1
          155.584837             0.77827                   1
          177.502340             0.77211                   1
          201.401079             0.69661                   1
          217.328287             0.92088                   1
          241.273779             0.78269                   1
          273.175068             0.66446                   1
          297.089347             0.71747                   1
          307.057488             0.68497                   1
          323.000364             0.81361                   1
          326.978283             0.77158                   1
          334.965247             0.90438                   1
