           14.002364             0.51483                   1
           21.989463             0.51472                   1
           35.936160             0.52974                   1
           37.932296             0.51481                   1
           71.845885             0.51478                   1
           97.803706             0.51472                   1
          107.756300             0.51475                   1
          111.734258             0.51477                   1
          117.708878             0.51482                   1
          131.670624             0.51482                   1
          159.562759             0.51479                   1
          163.540666             0.51477                   1
          167.518586             0.51478                   1
          179.483549             0.51480                   1
          189.436107             0.51475                   1
          205.394546             0.51481                   1
          257.216560             0.51511                   1
          265.187998             0.51479                   1
          279.149702             0.51479                   1
          303.063923             0.51515                   1
          313.032194             0.51476                   1
          336.946406             0.51484                   1
