           18.016820             0.51483                   1
           27.985227             0.51474                   1
           53.896482             0.51480                   1
           55.893274             0.51478                   1
           73.848700             0.51474                   1
           81.820199             0.51472                   1
          103.769166             0.51481                   1
          109.743927             0.51482                   1
          121.693420             0.51479                   1
          143.642400             0.51479                   1
          147.620786             0.51535                   1
          179.490848             0.51472                   1
          229.332343             0.51475                   1
          235.307062             0.51478                   1
          243.278592             0.51488                   1
          247.240948             0.51471                   1
          251.234517             0.51479                   1
          277.177055             0.51479                   1
          287.145366             0.51477                   1
          297.098083             0.51477                   1
          309.078737             0.51479                   1
          323.025036             0.51477                   1
          338.968055             0.51484                   1
          340.949455             0.51531                   1
