           18.016820             0.59882                   1
           27.985227             0.57422                   1
           53.896482             0.64648                   1
           55.893274             0.64165                   1
           73.848700             0.74987                   1
           81.820199             0.89826                   1
          103.769166             0.70085                   1
          109.743927             0.61401                   1
          121.693420             0.70426                   1
          143.642400             0.84286                   1
          147.620786             0.78441                   1
          179.490848             0.75374                   1
          229.332343             0.84732                   1
          235.307062             0.59257                   1
          243.278592             0.64481                   1
          247.240948             0.61039                   1
          251.234517             0.56877                   1
          277.177055             0.68177                   1
          287.145366             0.62525                   1
          297.098083             0.60034                   1
          309.078737             0.73145                   1
          323.025036             0.72889                   1
          338.968055             0.81757                   1
          340.949455             0.78014                   1
