           10.029780             0.53002                   1
           43.928222             0.79891                   1
           65.877174             0.59358                   1
           67.858364             0.45234                   1
           85.813796             0.56055                   1
           91.788640             0.70559                   1
          113.737437             0.77239                   1
          117.699842             0.67391                   1
          131.661762             1.15173                   1
          157.604270             0.81674                   1
          165.544611             0.66821                   1
          167.541412             0.69540                   1
          177.509647             0.59099                   1
          181.472006             0.61254                   1
          189.459169             0.84123                   1
          197.430683             0.64556                   1
          203.405409             0.56683                   1
          231.329151             0.67447                   1
          245.259879             0.66351                   1
          259.221640             0.54947                   1
          261.202855             1.00019                   1
          271.186714             0.53620                   1
          289.126607             0.65996                   1
          325.006215             0.66769                   1
