            8.033113             0.51475                   1
           23.991529             0.51485                   1
           33.959940             0.51472                   1
           41.946998             0.51481                   1
           47.921716             0.51482                   1
           93.785315             0.51485                   1
          115.718719             0.51469                   1
          125.671365             0.51482                   1
          149.617120             0.51483                   1
          159.585445             0.51478                   1
          163.563421             0.51481                   1
          193.437666             0.51527                   1
          199.411856             0.51478                   1
          213.389324             0.51476                   1
          215.370479             0.51483                   1
          221.346203             0.52945                   1
          241.297356             0.51486                   1
          285.148553             0.51473                   1
          293.104485             0.51483                   1
          313.056702             0.51484                   1
          315.053453             0.51472                   1
          321.028205             0.51477                   1
          326.987393             0.51478                   1
