           10.029780             0.51478                   1
           43.928222             0.51479                   1
           65.877174             0.51485                   1
           67.858364             0.51473                   1
           85.813796             0.51473                   1
           91.788640             0.51529                   1
          113.737437             0.51486                   1
          117.699842             0.51478                   1
          131.661762             0.51477                   1
          157.604270             0.51479                   1
          165.544611             0.51516                   1
          167.541412             0.51476                   1
          177.509647             0.51482                   1
          181.472006             0.51478                   1
          189.459169             0.51476                   1
          197.430683             0.51476                   1
          203.405409             0.51473                   1
          231.329151             0.51478                   1
          245.259879             0.51471                   1
          259.221640             0.51478                   1
          261.202855             0.51474                   1
          271.186714             0.51478                   1
          289.126607             0.51470                   1
          325.006215             0.51469                   1
