            8.033113             0.83074                   1
           23.991529             0.68001                   1
           33.959940             0.74341                   1
           41.946998             0.68419                   1
           47.921716             0.54933                   1
           93.785315             0.66890                   1
          115.718719             0.55110                   1
          125.671365             0.67824                   1
          149.617120             0.66003                   1
          159.585445             0.84354                   1
          163.563421             0.96147                   1
          193.437666             0.68665                   1
          199.411856             0.70435                   1
          213.389324             0.80662                   1
          215.370479             0.68143                   1
          221.346203             0.77758                   1
          241.297356             0.81008                   1
          285.148553             0.58210                   1
          293.104485             0.70605                   1
          313.056702             0.76941                   1
          315.053453             0.70860                   1
          321.028205             0.63779                   1
          326.987393             0.72644                   1
