           12.025907             0.51474                   1
           16.003757             0.51480                   1
           47.936261             0.51479                   1
           51.898569             0.51478                   1
           63.863484             0.51542                   1
           69.853783             0.51481                   1
           89.790148             0.51475                   1
           91.771584             0.51542                   1
          113.719972             0.51482                   1
          123.672613             0.51481                   1
          143.608920             0.51476                   1
          153.577149             0.51475                   1
          167.523216             0.51478                   1
          191.453112             0.51475                   1
          195.430992             0.51481                   1
          229.329011             0.51480                   1
          235.319345             0.51475                   1
          241.309584             0.51479                   1
          249.296595             0.51481                   1
          257.252434             0.51490                   1
          277.188827             0.51473                   1
          323.020600             0.51475                   1
          328.979645             0.51476                   1
          336.966666             0.51476                   1
