           12.025907             0.73368                   1
           16.003757             0.51570                   1
           47.936261             0.72619                   1
           51.898569             0.65980                   1
           63.863484             0.80656                   1
           69.853783             0.73601                   1
           89.790148             1.23100                   1
           91.771584             0.82551                   1
          113.719972             0.70846                   1
          123.672613             0.69153                   1
          143.608920             0.77063                   1
          153.577149             0.69003                   1
          167.523216             0.54355                   1
          191.453112             0.76491                   1
          195.430992             0.69093                   1
          229.329011             0.71185                   1
          235.319345             0.68129                   1
          241.309584             0.71489                   1
          249.296595             0.67168                   1
          257.252434             0.64360                   1
          277.188827             0.89856                   1
          323.020600             0.77737                   1
          328.979645             0.76213                   1
          336.966666             0.66291                   1
