           39.949270             0.74548                   1
           87.808997             0.84426                   1
           93.768034             0.63700                   1
           95.749252             0.70377                   1
          101.739456             0.76938                   1
          115.701171             0.90327                   1
          127.650500             0.68951                   1
          139.631039             0.66060                   1
          159.551761             0.76324                   1
          177.507000             0.83948                   1
          193.434837             0.69513                   1
          211.373786             0.75565                   1
          219.345232             0.70390                   1
          259.249197             0.92676                   1
          267.221505             0.75419                   1
          275.191987             0.75951                   1
          283.163414             0.69979                   1
          285.145150             0.71006                   1
          297.125143             0.84167                   1
          299.106316             0.63644                   1
          307.093310             0.77717                   1
          317.061531             0.66465                   1
          321.023798             0.78227                   1
          338.947805             0.57771                   1
