            8.032522             0.51496                   1
           19.997305             0.51477                   1
           25.971968             0.51475                   1
           27.968768             0.51471                   1
           49.917417             0.51477                   1
           61.882362             0.51482                   1
           71.834976             0.51474                   1
           81.818698             0.51478                   1
          119.679786             0.52970                   1
          131.643991             0.51479                   1
          147.602431             0.51478                   1
          155.558290             0.51476                   1
          165.526744             0.51537                   1
          183.481686             0.51472                   1
          185.478423             0.51482                   1
          207.411573             0.51475                   1
          209.392701             0.51482                   1
          215.367381             0.51477                   1
          253.274533             0.51479                   1
          273.210867             0.51476                   1
          289.138125             0.51479                   1
          309.074477             0.51474                   1
          319.042696             0.51476                   1
          325.001707             0.51478                   1
