           39.949270             0.51475                   1
           87.808997             0.51478                   1
           93.768034             0.51473                   1
           95.749252             0.51476                   1
          101.739456             0.51482                   1
          115.701171             0.51477                   1
          127.650500             0.51481                   1
          139.631039             0.51480                   1
          159.551761             0.51470                   1
          177.507000             0.51480                   1
          193.434837             0.52980                   1
          211.373786             0.51518                   1
          219.345232             0.51478                   1
          259.249197             0.51473                   1
          267.221505             0.52947                   1
          275.191987             0.51480                   1
          283.163414             0.51478                   1
          285.145150             0.52986                   1
          297.125143             0.51477                   1
          299.106316             0.51478                   1
          307.093310             0.51485                   1
          317.061531             0.51478                   1
          321.023798             0.51478                   1
          338.947805             0.51483                   1
