            8.032522             0.63925                   1
           19.997305             0.56203                   1
           25.971968             0.66719                   1
           27.968768             0.84635                   1
           49.917417             0.79299                   1
           61.882362             0.87567                   1
           71.834976             0.63480                   1
           81.818698             0.89874                   1
          119.679786             0.81248                   1
          131.643991             0.75989                   1
          147.602431             0.67297                   1
          155.558290             0.66887                   1
          165.526744             0.65208                   1
          183.481686             0.72859                   1
          185.478423             0.86779                   1
          207.411573             0.66995                   1
          209.392701             0.83274                   1
          215.367381             0.72991                   1
          253.274533             0.77360                   1
          273.210867             0.78863                   1
          289.138125             0.77294                   1
          309.074477             0.70799                   1
          319.042696             0.61141                   1
          325.001707             0.74026                   1
