           20.014883             0.51482                   1
           31.979887             0.51486                   1
           35.957876             0.51472                   1
           59.903482             0.51474                   1
           63.865769             0.51481                   1
           69.840502             0.51477                   1
           89.761422             0.51481                   1
          101.726374             0.51515                   1
          123.644030             0.51475                   1
          167.510577             0.51533                   1
          183.453518             0.51478                   1
          191.424955             0.51482                   1
          197.399697             0.51479                   1
          203.374367             0.51477                   1
          209.349022             0.51476                   1
          215.339423             0.51471                   1
          231.266684             0.51482                   1
          255.196685             0.51480                   1
          263.183847             0.51467                   1
          265.164941             0.51474                   1
          283.104603             0.51482                   1
          301.044392             0.51471                   1
          313.009387             0.51480                   1
