           65.862544             0.51476                   1
           71.821730             0.51480                   1
           75.799598             0.51477                   1
           87.780234             0.51478                   1
           97.748512             0.51480                   1
          117.669399             0.51474                   1
          145.592895             0.51475                   1
          147.574041             0.51478                   1
          153.564351             0.51477                   1
          163.532553             0.51482                   1
          173.485210             0.51486                   1
          195.402910             0.51528                   1
          217.320557             0.51480                   1
          229.285531             0.51484                   1
          239.238184             0.51476                   1
          249.221965             0.51483                   1
          271.139701             0.51468                   1
          279.111140             0.51478                   1
          287.082596             0.51478                   1
          295.054077             0.51482                   1
          314.990559             0.51472                   1
