            8.034552             0.51494                   1
           29.998683             0.51485                   1
           45.941696             0.51542                   1
           61.884724             0.51465                   1
           73.803069             0.51540                   1
          103.723117             0.51483                   1
          107.701079             0.51478                   1
          115.688129             0.51488                   1
          119.650484             0.51481                   1
          135.624599             0.51487                   1
          155.545552             0.51473                   1
          171.504094             0.51472                   1
          177.478720             0.51486                   1
          189.443778             0.51474                   1
          225.307651             0.51474                   1
          233.263402             0.51489                   1
          251.203147             0.51505                   1
          267.146054             0.51485                   1
          293.072895             0.51479                   1
          307.019075             0.51481                   1
          320.980810             0.51483                   1
          324.958789             0.51480                   1
          336.955030             0.51478                   1
