           11.997839             0.51466                   1
           31.934098             0.51479                   1
           45.881059             0.52948                   1
           57.860723             0.51481                   1
           87.749690             0.51477                   1
          105.658051             0.51475                   1
          107.639236             0.51484                   1
          111.632727             0.51483                   1
          113.613896             0.51481                   1
          119.573302             0.51535                   1
          123.566484             0.51475                   1
          139.509326             0.51478                   1
          149.493116             0.51468                   1
          159.461314             0.51474                   1
          183.375541             0.51474                   1
          205.293106             0.51477                   1
          213.279998             0.51487                   1
          227.241774             0.51478                   1
          255.165150             0.51479                   1
          293.056734             0.51479                   1
          299.031375             0.51479                   1
          303.009279             0.51482                   1
