           11.997839             0.52175                   1
           31.934098             0.62490                   1
           45.881059             0.85349                   1
           57.860723             0.68146                   1
           87.749690             0.57556                   1
          105.658051             0.60264                   1
          107.639236             0.63740                   1
          111.632727             0.77178                   1
          113.613896             0.57453                   1
          119.573302             0.63904                   1
          123.566484             0.59764                   1
          139.509326             0.63032                   1
          149.493116             0.71820                   1
          159.461314             0.62971                   1
          183.375541             0.73873                   1
          205.293106             0.59652                   1
          213.279998             0.51502                   1
          227.241774             0.72722                   1
          255.165150             0.73094                   1
          293.056734             0.91821                   1
          299.031375             0.68738                   1
          303.009279             0.73333                   1
