           19.969178             0.73419                   1
           23.947071             0.58818                   1
           39.905501             0.78121                   1
           47.876934             0.94558                   1
           71.822458             0.60728                   1
           89.730803             0.56240                   1
           91.711953             0.67719                   1
           95.689833             0.70717                   1
          101.680161             0.67672                   1
          125.547645             0.89645                   1
          157.480128             0.85092                   1
          177.416515             0.75392                   1
          189.365774             0.86030                   1
          197.337266             0.56861                   1
          199.318381             0.61144                   1
          219.254710             0.79447                   1
          259.143103             1.24079                   1
          281.091809             0.60351                   1
          297.034737             0.69204                   1
          307.002815             0.80366                   1
          312.977497             0.60482                   1
          328.951525             1.30220                   1
