           10.016613             0.51495                   1
           13.978955             0.59658                   1
           37.924393             0.81042                   1
           73.803999             0.93765                   1
           79.793848             0.77966                   1
           83.787394             0.73803                   1
           85.768518             0.73278                   1
           93.708729             0.67234                   1
          115.595049             0.40933                   1
          127.528755             0.69925                   1
          137.512531             0.65917                   1
          167.448293             0.77049                   1
          169.429445             0.62126                   1
          181.394379             0.66394                   1
          193.343717             0.52231                   1
          233.232123             0.73666                   1
          241.203986             1.03649                   1
          249.174885             0.75340                   1
          261.139791             0.62812                   1
          267.114480             0.81325                   1
          277.098239             0.60518                   1
          289.078871             0.68016                   1
          316.971007             0.73919                   1
          340.932083             1.09731                   1
