           20.014598             0.51473                   1
           31.979478             0.51474                   1
           35.957641             0.51529                   1
           47.937922             0.51476                   1
           59.902871             0.51477                   1
           63.866224             0.52925                   1
           69.839857             0.51476                   1
           89.760570             0.51480                   1
          101.741135             0.51476                   1
          123.643051             0.51481                   1
          167.524861             0.51481                   1
          183.467714             0.51484                   1
          191.439141             0.51475                   1
          197.398222             0.51474                   1
          203.388440             0.51485                   1
          209.363143             0.51480                   1
          215.337794             0.51474                   1
          231.280633             0.51484                   1
          255.210505             0.51492                   1
          263.182151             0.51527                   1
          265.178678             0.51476                   1
          283.118334             0.51472                   1
          301.057901             0.51479                   1
          313.022865             0.51468                   1
