           20.014598             0.68871                   1
           31.979478             0.72343                   1
           35.957641             0.68118                   1
           47.937922             0.73254                   1
           59.902871             0.95917                   1
           63.866224             0.76368                   1
           69.839857             0.96590                   1
           89.760570             0.66858                   1
          101.741135             0.75161                   1
          123.643051             0.70506                   1
          167.524861             0.72587                   1
          183.467714             0.65450                   1
          191.439141             0.69881                   1
          197.398222             0.86756                   1
          203.388440             0.81314                   1
          209.363143             0.93426                   1
          215.337794             0.77543                   1
          231.280633             1.44008                   1
          255.210505             0.87757                   1
          263.182151             0.84963                   1
          265.178678             0.68509                   1
          283.118334             0.68086                   1
          301.057901             0.68476                   1
          313.022865             0.75938                   1
