            8.034252             0.51473                   1
           29.998287             0.51480                   1
           45.956819             0.51475                   1
           49.919062             0.51480                   1
           73.817728             0.51483                   1
          103.722255             0.51480                   1
          107.700190             0.51479                   1
          115.687186             0.51477                   1
          119.665180             0.51472                   1
          135.623548             0.51468                   1
          155.559944             0.51478                   1
          171.502757             0.51474                   1
          177.477468             0.51475                   1
          189.442361             0.51477                   1
          225.305985             0.51468                   1
          233.261811             0.51479                   1
          251.217036             0.51474                   1
          267.159885             0.51472                   1
          293.086506             0.51478                   1
          307.032523             0.51481                   1
          320.994284             0.51478                   1
          324.972132             0.51483                   1
          336.968250             0.51475                   1
