           16.021067             0.64236                   1
           65.861945             0.66393                   1
           71.820981             0.82471                   1
           75.798923             0.70266                   1
           97.747594             0.87336                   1
          117.668436             0.76784                   1
          137.620361             0.73530                   1
          145.592427             0.76299                   1
          147.588560             0.82283                   1
          153.563140             0.70401                   1
          163.531509             0.81536                   1
          173.499552             0.68699                   1
          195.417041             1.09682                   1
          207.366378             0.87507                   1
          217.318938             0.65031                   1
          229.299481             0.77334                   1
          239.252067             0.67651                   1
          249.235890             0.77229                   1
          271.137692             0.96581                   1
          279.124786             0.75453                   1
          287.096223             0.85486                   1
          295.067629             0.61115                   1
          315.004010             0.73818                   1
