            8.034252             0.64540                   1
           29.998287             0.68072                   1
           45.956819             0.71370                   1
           49.919062             0.60732                   1
           73.817728             0.78787                   1
          103.722255             0.63441                   1
          107.700190             0.76037                   1
          115.687186             0.96512                   1
          119.665180             0.53904                   1
          135.623548             0.70816                   1
          155.559944             0.63517                   1
          171.502757             0.78783                   1
          177.477468             0.76491                   1
          189.442361             0.79964                   1
          225.305985             0.81492                   1
          233.261811             0.61092                   1
          251.217036             1.03906                   1
          267.159885             0.92770                   1
          293.086506             0.81636                   1
          307.032523             0.74194                   1
          320.994284             0.95572                   1
          324.972132             0.83372                   1
          336.968250             0.90128                   1
