           16.021067             0.51474                   1
           65.861945             0.51472                   1
           71.820981             0.51485                   1
           75.798923             0.51478                   1
           97.747594             0.51478                   1
          117.668436             0.51530                   1
          137.620361             0.51474                   1
          145.592427             0.52970                   1
          147.588560             0.51478                   1
          153.563140             0.51480                   1
          163.531509             0.51526                   1
          173.499552             0.51476                   1
          195.417041             0.51484                   1
          207.366378             0.51475                   1
          217.318938             0.51481                   1
          229.299481             0.51482                   1
          239.252067             0.51485                   1
          249.235890             0.51475                   1
          271.137692             0.51484                   1
          279.124786             0.51483                   1
          287.096223             0.51479                   1
          295.067629             0.51478                   1
          315.004010             0.51476                   1
